0 1 108 51 36 0
-0.0135958 -3.91646e-05 0.000414168 0.00298477 -0.0107521 0.0106188 -0.0210492 -0.0146707 0.00576025 -0.0063847 0.00345401 -0.000995905 -0.0165698 0.0109512 -0.0163078 -0.00200946 -0.00469744 0.00992306 0.0109791 0.0082727 -0.0144905 0.00956103 0.000507127 -0.0017949 0.00945157 -0.00867829 0.0163797 0.0069085 0.0121225 -0.00194384 0.00204001 -0.00370437 0.0113791 -0.00345668 0.00496679 -0.0122254 -0.010067 -0.00611464 -0.00307452 0.00782043 0.00417459 0.00765257 0.0191513 -0.0120236 0.0036129 0.0176462 -0.00129513 -0.0053601 -0.0148401 0.0170393 0.00676403 
-0.0153651 0.000274371 -0.0116799 -0.0106911 -0.00519983 -0.0193361 0.0241972 -0.000396393 -0.0147183 -0.00480788 -0.00339155 0.0100507 -0.00886809 -0.0101176 0.00638059 0.000696509 0.00126136 0.00397276 0.00559865 -0.00683903 0.0165323 0.00120063 -0.00732291 -0.0226819 0.000106035 0.00450428 0.00585596 -0.00880493 0.00417482 -0.00930753 -0.00029635 0.00668909 0.00766474 0.00918018 0.0158533 -0.000647542 0.00430271 -0.00989272 0.0233851 -0.0194629 -0.0115893 0.00856513 -0.0110947 -0.00382747 0.0105737 -0.00243443 -0.00504612 -0.0058112 0.00727711 0.0137585 -0.00805214 
0.00769802 0.0188658 -0.0142706 -0.0099327 -0.00479161 0.00333198 -0.000336295 -0.00878143 0.00277072 -0.00952558 -0.0187057 0.00745677 -0.00619698 -0.00432398 0.00572404 0.0155248 0.0148246 -0.000869478 -0.00284918 -0.00646676 -0.00953018 -4.55895e-05 0.0149665 0.00220763 0.0158303 -0.00610318 0.00467529 -0.00622493 0.00915814 -0.0086933 -0.00223601 -0.0188559 0.000429226 0.012408 0.0163012 -0.0101439 0.00598037 0.00151943 -0.00526684 -0.006018 0.00259654 0.000113295 0.0040356 -0.0104248 0.000864254 0.0213672 -0.00945652 -0.0101079 -0.011891 -0.00523739 -0.00135613 
-0.00657822 0.0202349 0.0145828 0.00418618 -0.00693048 0.00248809 0.00332156 -0.012544 -0.0161397 -0.0127534 0.0169133 -0.00913288 -0.0217946 -0.000911126 0.00617353 -0.0140094 -0.00447974 -0.00135608 -0.0052836 0.0148133 0.0165497 -0.00278188 0.00318336 0.0126045 0.00519087 0.00718431 0.00337306 -0.00757709 -0.0027302 -0.00901465 -0.00307349 -0.00461541 -0.00193608 -0.014387 -0.00400897 0.0114823 -0.011783 -0.000786105 0.0164398 0.00212266 0.0172744 0.00521724 0.00463943 0.0104781 -0.0162023 -0.0156907 -0.00152306 -0.0139989 -0.00523713 -0.0183412 -0.00173931 
0.0165476 0.00702046 0.00625124 0.00896029 -0.018021 0.000527752 -0.00186794 -0.000890669 -0.00215715 -0.0127296 -0.00217335 -0.0129332 0.00341085 0.0143273 0.00443143 -0.00844166 0.011648 -0.0105353 0.0135877 0.00376162 -0.00189274 -0.00969349 -0.0280732 0.0150477 -0.011894 -0.0026012 -0.00895309 -0.0133498 -0.00650146 0.0106081 0.00378235 -0.0130756 0.000217911 -0.000659864 0.0046749 -0.0129771 0.00425671 -0.0157493 0.00286003 -0.0140221 0.000665741 -0.00471519 0.00875903 -0.0256872 -0.00972147 -0.0135974 0.00935138 -0.000659754 -0.00479594 -0.0161097 -0.0112689 
0.00671204 0.0206696 0.00927912 -0.0216335 -0.0160189 -0.00727015 -0.00561429 -0.0173635 -0.00166797 0.00467585 -0.000505845 0.0136922 0.00313537 0.00867265 -0.00206191 0.00138505 0.00234941 -0.00236225 -0.0120365 -0.00190387 -0.00497383 -0.00304585 0.0110554 0.0103259 -0.0109171 0.0078624 -0.0133459 -0.00627469 -0.00507721 -0.00527878 -0.00357218 0.0103288 -0.0156871 -0.00287221 -0.0254314 -0.0109982 -0.00350226 -0.00745054 0.00715777 0.00229413 0.000906102 0.00594585 0.000781419 0.005169 0.0108342 -0.0148198 0.0205056 0.00287076 -0.00609483 0.0175003 -0.00241422 
-0.00936552 -0.0062426 0.0159536 -0.0117345 0.00403621 -0.0112634 -0.00650659 -0.00691176 0.00996523 0.0307673 -0.0102663 0.0119883 0.00975694 -0.00153265 -0.00561415 -0.00346344 0.00373988 0.0163154 -0.00815429 0.00515879 -0.0147535 0.00446386 0.00515991 0.00690618 -0.00158684 -0.00409773 0.0107676 -0.00959496 0.00656311 -0.00353581 0.0055388 0.0018218 -0.0096084 0.00311469 0.00199848 -0.0151038 0.000306924 -0.00824565 -0.00217739 0.0135538 0.00882876 0.00335374 -0.0111584 -0.0109083 0.000839985 0.00445416 0.000638102 0.00614064 -0.000362975 0.00513122 -0.00420674 
-0.000150077 0.0064836 -0.00489709 0.00431452 -0.008492 -0.0109234 -0.00719418 0.00467951 0.00224914 0.0186721 0.0143382 -0.00457395 0.00940081 -0.00551192 -0.0178204 -0.0136491 -0.00506324 0.00391849 0.00385384 0.00949208 0.0023725 0.00550886 -0.00425865 -0.0112579 -0.00126782 -0.00514163 0.0111836 0.00461732 0.00150989 0.00219132 -0.00605592 0.00152969 -0.00604351 0.00872205 -0.00234533 0.0136089 -7.46423e-05 -0.0164047 -0.00584879 0.00273583 0.00623703 0.000140823 -0.000814949 -0.0112095 0.00493306 0.00958559 -0.00427555 0.00393601 -0.00375292 0.00758924 -0.0257062 
0.0100837 0.00261804 0.0134954 0.00765312 -0.0041527 -0.0162812 0.00212598 0.00417979 -0.00445872 -0.0229316 0.00102601 -0.00591145 0.0040934 0.00606115 0.0159892 -0.00810467 -0.00805894 0.0150406 -0.00134406 -0.0238446 -0.0196385 -0.0119111 0.0176902 0.0082077 -0.0119043 -0.00615556 -0.00775304 0.0138946 -0.00121976 -0.0224574 -0.0116654 0.00309047 -0.0100702 0.00480151 -0.00356178 0.00918608 0.00321488 0.0122242 -0.0118823 0.00341152 0.0174466 0.0112419 -0.00565981 0.0118961 -0.00852208 -0.0085385 0.00243464 0.000754242 -0.00378079 -0.0186405 -0.0184608 
0.0006518 0.009861 -0.00166534 0.00450381 -0.0110159 -0.0164915 0.0111795 -0.00470955 -0.007931 0.011873 -0.0118403 -0.00834462 0.00810891 0.00242764 -0.00389425 0.00691063 0.00436487 -0.00910426 -0.00430669 0.00497334 0.000504454 0.0017023 -0.00424664 -0.00962014 -0.010251 0.00294282 -0.00199542 -0.0116415 0.00694921 0.00583771 0.00564035 -0.00800962 -0.00139362 -0.0106894 -0.00787016 -0.0171938 0.00521284 -0.00115525 -0.00534077 -0.000699608 -0.0110462 -0.0164121 -0.00482519 -0.0027139 -0.021233 -0.000886326 -0.00149945 0.00745069 -0.00211911 -0.0112046 -0.00625483 
0.00457871 0.00768011 -0.00384229 0.0133239 0.00931254 -0.0102849 -0.00833016 -0.000206959 -0.00121742 -0.00394059 0.0128679 -0.0201776 0.00571355 0.0163995 0.00141376 -0.00509581 0.00652996 -0.0197272 0.00701447 0.000582292 -0.000524555 0.0109747 0.00995827 -0.00394145 0.00552032 0.0132878 -0.0225047 0.00827867 -0.0131686 -0.00163046 0.013717 0.00408036 0.0236121 0.00664509 0.00201713 -0.00672882 -0.00482144 0.0137433 0.00407641 0.0220433 0.0056834 -0.00545874 -0.00347507 -0.00506492 0.00176255 0.00826989 -0.0166415 -0.00141666 0.0035002 0.00421375 0.0131831 
0.0148432 0.0180767 0.00719261 -0.00195436 -0.0126351 -0.00623875 -0.00614186 -0.00123166 -0.000478246 0.00179172 0.00977234 0.00936136 0.00767355 -0.00759317 -0.00218335 0.00635098 -0.00440353 -0.00216157 0.00973458 -0.00889582 0.0039518 0.0152313 0.0204476 0.00187737 0.00580428 -0.00216633 0.0103342 0.0062929 -0.000649955 -0.00651307 0.0122074 -0.00583381 -0.00227357 -0.0123184 0.00920183 0.00263191 -0.000334918 -0.0139937 0.00208664 0.0191971 -0.0135769 -0.0106767 0.000380603 0.00500436 -0.0169945 -0.00879291 -0.00518386 0.00480815 -0.00197944 0.00542977 -0.00342028 
0.0117609 -0.0132852 0.00613851 0.0188539 -0.00497866 0.0026537 -0.000499253 0.00331747 -0.00339146 0.00410274 0.00254531 -0.00571435 0.000167459 0.00202291 -0.000350405 0.017318 0.00586089 0.0158213 -0.0114452 -0.00603333 0.0202343 0.0151646 -0.019689 0.0115891 0.000803815 0.00196727 -0.0211404 0.0137902 0.00733773 -0.0101126 -0.00997542 0.0165275 -0.0116854 0.00676853 0.0106713 -0.010517 0.00463092 -0.00333406 0.0106592 0.00231405 -0.0103741 0.0134811 0.0143414 -0.0174802 0.00483156 0.00887677 -0.00212613 -0.00457416 0.0040673 0.000692344 0.00560681 
-0.00243563 0.011822 0.021336 0.00711571 0.0239638 -0.019741 0.00398476 0.0204306 -0.00242059 -0.0204467 -0.00611525 -0.00129414 -0.00541422 0.00928366 0.00491186 0.00454196 -0.0185914 0.0010564 -0.0114142 0.000854735 0.00764603 -0.013224 0.00595344 -0.00979549 0.000136408 -3.01183e-05 -0.00682672 0.00373432 -0.000175737 0.0185296 0.00367855 -0.00372025 -0.00828704 0.000224663 0.00090933 -0.0113091 -0.0123579 0.011477 -0.010703 -0.00342037 0.00992443 0.00203653 -0.0108633 0.00757126 -0.0039834 -0.00694601 -0.00112306 -0.00692984 -0.000374375 0.00794339 -0.00713304 
0.00810701 -0.00158761 -0.000610767 -0.0208093 -0.00063935 0.0162029 0.00789194 0.00431955 0.0163531 -0.00924368 -0.00446007 0.0144155 -0.00347028 0.0148248 -0.0131224 -0.00426645 -0.0217251 -0.0284446 -0.00214452 0.00272359 0.00380219 0.0180448 0.0227134 0.00429256 -0.00900059 -0.00687922 0.00765324 -0.017746 -0.0030349 -0.0128092 -0.00350387 -0.00295566 -0.0127431 -0.008317 -0.00750935 -0.0121087 0.0050383 -0.0158804 0.0130842 0.0176871 -0.00715721 0.000291321 -0.0104015 -0.00804821 -0.0214643 -0.00837669 -0.0207189 0.00150833 -0.00449124 -0.00178743 0.00507027 
0.0140514 0.00110507 -0.00619395 -0.013636 -0.00761141 -0.00617801 0.000418045 -0.00649423 0.00288144 0.00324407 -0.00173263 -0.0156013 -0.020193 -0.0155662 0.00499582 -0.0175654 0.00476405 -0.000941323 0.00318342 -0.0170853 -0.0049356 0.00242813 -0.0160202 -0.01115 -0.0142467 -0.0206353 -0.000446491 0.000365994 0.00196011 0.0241584 0.00117158 -0.017847 -0.00233807 -0.0101184 0.00227893 -0.0101714 0.00202859 -0.00198409 0.018877 -0.00128153 0.0160295 -0.00727823 0.00939897 -0.0145792 -0.00816529 0.00176564 0.0138543 0.00565943 0.0193344 0.000375484 0.01111 
-0.0145476 0.013091 -0.00134745 -0.00688897 0.0152408 -0.0154971 -0.0133116 -0.0147817 0.00606636 0.0129061 0.0065559 0.00809013 0.0066762 -0.00468777 0.00753814 -0.00588125 0.0168023 -0.00254991 0.0188067 0.000240133 -0.0207288 -0.00250561 0.0198438 -0.00421402 0.00199542 0.00105885 -0.00603089 -0.000738736 -0.0197954 -0.0145249 -0.0114625 -0.00891122 -0.0108858 0.00632574 -0.0121958 -0.0200039 -0.00807188 -0.00669335 -0.00171554 0.014992 0.00293846 0.0118066 0.00291577 0.00859952 -0.010347 0.00394365 -0.0030521 -0.00721832 0.00110921 -0.00336463 -0.00448182 
0.000770954 0.00805884 0.0171462 -0.0100105 -0.010105 0.00486826 -0.00730966 -0.00380113 -0.001159 0.00423998 0.00116419 0.0118488 -0.00210907 0.00501691 0.0116505 -0.00446547 -0.000329342 -0.00515552 -0.00546647 -0.00490388 -0.00291722 0.000134907 -0.000358155 0.011588 -0.0041063 0.00509442 -0.00597614 -0.00506073 0.00178037 -0.0015314 0.00304821 0.00245366 -0.0111457 0.00772653 0.00149055 0.0103284 0.00744292 -0.00503223 0.0137624 0.0115991 0.00691326 0.0108902 -0.00303708 -0.0159735 -0.0155215 0.00896898 0.00513188 0.0103357 -0.0119761 0.00497271 0.00269124 
-0.010762 -0.00117701 0.00139667 0.00630888 0.00365016 0.00760627 0.0132954 0.0293088 -0.0209474 -0.0114584 0.0187605 -0.0154334 -0.0248359 0.0129793 0.00277944 -0.00928226 -0.00353698 -0.0125208 -0.00434215 -0.0020282 0.0100842 -0.0191299 -0.0103583 0.00919007 -0.00878541 -0.0106943 0.00156446 0.00672601 -0.0162405 -0.00473992 0.0125189 0.00817587 -0.00900564 -0.00413907 -0.00396341 0.00951304 0.0104046 0.00232342 -0.0093669 -0.00789205 -0.00088421 0.0188308 -0.00643257 -0.0105201 -0.00134317 -0.00286757 -0.00768037 0.0149122 0.0092928 -0.00194617 0.0180585 
0.00450758 -0.00603115 -0.00822384 -0.0153942 0.0206725 -0.00674716 0.00294706 -0.0132584 -0.0125053 0.0169905 -0.0137128 -0.00539368 0.00626831 0.0110783 -0.00406525 -0.00375605 -0.00628522 0.00929866 0.0181342 0.0212802 -0.0140921 0.00772163 0.00884488 0.0179541 0.00940782 0.00218495 -0.00424829 0.00850889 -0.0162163 0.00184447 -0.00875779 -0.015542 -0.00524748 0.00704441 0.00468608 -0.00111311 -0.00268226 -0.00556867 -0.00326651 0.00626371 0.00622661 -0.00185546 -0.00272658 7.73626e-05 0.00179715 -0.00629936 0.0156801 -0.00268258 0.00273956 -0.00184033 0.0176173 
0.00493027 -0.0251461 -0.0102037 0.000107202 -0.0129485 -0.00564261 -0.00495487 -0.0112013 0.0151428 0.0124442 -0.00638639 0.0115476 0.0122811 0.00290318 0.00296677 -0.016211 0.000549995 -0.00111101 0.00514003 -0.0051482 0.00205883 0.00739355 -0.00335083 -0.00927918 -0.0217674 -0.011746 0.0101609 0.00576255 0.00669997 -0.0169916 0.0112961 0.00748038 0.0044726 0.0219905 -0.008576 -0.0105487 -0.00488535 -0.00992334 -0.0159515 0.00718022 -0.00726472 -0.00202521 0.00287771 -0.0034749 0.0177568 0.0139889 -0.00275334 0.025913 0.00453834 -0.0189261 0.00490896 
0.000309775 0.0129792 0.00458383 -0.00414999 0.0043182 0.00125129 -0.0144744 -0.0113124 -0.0145539 0.0170269 -0.00168184 0.0193087 0.0140426 0.00124549 0.00657696 -0.0120062 0.00403805 0.0122083 0.000101273 0.00161346 0.00853882 0.00797899 0.00505401 -0.0153449 0.0086155 -0.00553784 0.0154677 0.00535006 0.00706555 0.00445988 0.0126952 -0.0138293 -0.0180365 -0.000247788 -0.0125959 0.0135043 0.00302042 -0.0183226 -0.0163899 0.007179 -0.00819104 -0.0101631 -0.00850812 -0.00596903 0.00653962 0.0074252 -0.0268063 -0.00687945 -0.00205593 -0.0160574 -0.000339688 
-0.019923 -0.00869804 -0.00604575 -0.00112331 -0.0068895 -0.000440637 0.0025328 0.00793884 -0.001717 -0.00791681 2.24913e-05 0.00740691 -0.00269418 0.0244763 0.00636851 0.00483386 -0.0100982 -0.00403733 0.00547011 0.00616188 0.0124357 -0.000958441 -0.00789458 0.0157913 0.00513926 -0.0221651 0.0176805 -0.0139886 0.00604376 -0.00321881 0.00695727 -7.95564e-05 0.00397673 8.84796e-05 0.00917461 -0.00419082 0.00502528 -0.00605575 -0.0239924 0.0053463 0.00935508 0.00378651 0.00344113 0.00525057 -0.0133171 -0.00823737 -0.0122903 0.0155882 0.0058312 -0.00231643 -0.00114979 
-0.0158517 0.00322104 0.00874127 -0.00298077 0.0262177 0.0144913 0.00154708 0.00196424 -0.00318621 0.00698283 -0.0189271 -0.0175249 0.0142319 0.00507364 -0.011766 -0.00494408 -0.00351326 -0.00669448 -0.00471245 -0.000687559 0.00351136 0.0175344 -0.015743 0.00676063 0.00508988 -0.00642913 0.00242853 0.0126005 -0.00855158 -0.00442505 0.0041506 0.0050907 -0.00593519 -0.015287 -0.0171704 0.00333754 0.0121779 0.0064484 0.00684873 -0.0124748 0.00356602 0.00667674 -0.0126754 0.0100334 -0.0011946 -0.0134563 -0.00663295 -0.0197857 0.0122768 -0.00691989 -0.000821807 
-0.0128547 0.0013562 0.00319079 -0.000490706 0.00160792 0.00367502 -0.00456546 0.00227674 0.00449908 0.00537872 -0.00434083 0.0113875 -0.00630489 -0.00665487 -0.00464399 0.00343393 -0.00993084 0.00505165 -0.0351708 0.0156878 -0.00124227 -0.00255677 -0.0187604 0.0112414 -0.00712064 0.00436374 -0.00258869 -0.0175232 -0.00624014 -0.00926395 0.000484062 -0.0216294 -0.00654494 -0.00998436 0.00444229 0.00175608 0.0142969 -0.0206098 0.0157323 0.000982604 -0.000968244 0.0207975 -0.00842051 -0.00128671 -0.00333599 0.00500475 0.00785128 0.000689858 -0.00450952 0.00791615 -0.010322 
-0.00621829 0.00928132 0.0166088 0.0106736 -0.00432906 -0.000614171 0.00341485 -0.00769807 -0.00443619 -0.00118046 -0.00532671 -0.00396136 0.0101402 0.00905035 0.00524381 0.00657559 -0.00479344 -0.0031217 -0.0135092 -0.0299096 -0.0222424 0.0210905 0.00471237 -0.0108258 0.00435004 -0.00990211 -0.00217532 0.00609781 -0.00376298 -0.0147881 0.00271012 0.0209361 0.00978166 0.0129549 0.00882723 0.000318895 0.00106795 -0.00508216 -0.00878857 -0.00493998 -0.0122794 -0.00100303 -0.00912562 -0.00714062 -0.00351047 -0.00447063 -0.00394498 -0.0100942 -0.00758121 0.00766502 -0.00327549 
0.00187653 -0.00299482 0.0224572 0.0105996 0.00632757 -0.00508071 -0.00197527 0.0030406 -0.0060003 0.00752812 -0.0124333 0.0136785 0.00660902 -0.000627859 0.0244849 0.000270583 -0.0145474 -0.000860017 -0.00185065 -0.01364 -0.0177194 -0.00184469 -0.00286473 -0.0199692 0.0122723 -0.00621445 -0.00413329 0.0255272 0.0216985 0.0150012 -0.00731701 0.00222611 -0.0173369 -0.00189211 -0.00247802 0.00622663 -0.00749723 -0.00867144 -0.00495044 -0.00214107 -0.00561496 0.00433499 0.00828586 -0.000657063 0.0154112 -0.00899471 -0.00655535 -0.00805698 0.000558393 0.00916674 0.00558679 
0.0135248 0.00675322 -0.0284129 0.0154664 0.0100085 -0.00849949 -0.0182447 -0.00740123 0.0106982 0.00226422 0.0113422 -0.0017284 -0.0173116 -0.0160457 0.00786451 0.00314736 -0.000658535 0.0080486 -0.00709319 0.00323878 0.00775809 -0.00046964 0.00517724 -0.0315981 -0.00918595 -0.00506227 0.00971189 -0.00123208 0.011605 0.018217 -0.00762553 -0.0114193 0.0111365 0.00186394 0.0182423 -0.00194207 0.00858439 0.00883376 0.00442005 0.00945191 -0.00642613 -0.00248899 -0.000116715 0.00197023 -0.00872805 -0.011152 0.000865245 0.0154544 0.00814359 -0.00848041 0.0151485 
0.00137756 7.16747e-05 0.00696053 0.0233624 -0.00532578 0.00350469 -0.010805 0.00314804 0.00568216 -0.00444795 -0.0100648 -0.00432249 0.0307844 0.00204982 0.000652392 -0.00578723 -0.00924088 -0.0200147 -0.00342568 0.0179907 0.000739485 0.00270458 -0.00230522 0.0145206 -0.0108231 0.00176544 -0.0119679 -0.00434102 0.00975066 -0.010379 -0.00808935 0.0159955 0.00680571 -0.0124092 0.0122825 0.0153263 0.0122228 0.00984767 -0.0110293 0.0114772 -0.0171194 0.00906971 0.0171661 0.00301967 -0.0016017 -0.00455396 0.0140774 0.00542842 -0.00656919 -0.00954159 -0.023322 
0.00288429 -0.0181287 -0.011483 -0.0115098 -0.0115776 0.00711659 -0.00116975 0.000961458 -0.00667238 -0.00677544 -0.0119581 -0.0100761 -0.0182425 -3.50879e-05 -0.000964672 -0.0201516 0.00459484 -0.00545197 0.0143237 -0.00775068 -0.00692981 0.0186059 -0.0112081 0.0071938 0.00741669 -0.0011037 0.00578096 0.00859973 -0.00253132 0.00137122 -0.0036818 0.00230875 -0.00686788 0.00964737 0.00343922 0.0181452 0.00405804 -0.0163888 -0.00645545 -0.00351796 0.0208772 -0.00852386 -0.0129647 -0.0144576 -0.000927961 0.0131355 0.00385553 0.00790576 0.0173683 -0.013263 -0.000905277 
0.0229839 -0.00505272 0.0174831 0.0020594 -0.000991163 -0.00399783 0.0170696 0.000950798 0.00126179 -0.00374163 0.00806355 0.00321977 -0.00271062 -0.00377516 0.00206134 0.00563381 0.00316951 0.00577727 0.00174357 0.0041969 -0.00458534 -0.00382273 -0.00326751 0.000873136 -0.0083071 -0.010155 -0.00693896 -0.00693082 -0.00484781 -0.0156562 -0.00856468 -0.0102517 0.00206945 -0.00911603 -0.0110193 0.019413 0.00536252 -0.00702046 -0.00857523 0.00531771 0.015073 0.000738396 -0.0100507 -0.00458514 -0.0100988 0.0120686 0.0050148 -0.0117695 0.00677329 -0.00498449 0.0016001 
-0.00569958 0.00690203 -0.00677221 0.00894758 -0.00308451 0.0160669 0.00187439 -0.0178854 -0.0224149 0.01369 -0.0218538 0.00401139 -0.00506344 0.0175617 0.00339816 -0.00573116 -6.86656e-05 -0.0047966 -0.00169385 -0.00812089 -0.0165637 0.000911012 -0.00621909 0.00389287 0.00797388 -0.00271821 0.00741092 0.0178541 -0.0205681 0.00436678 0.00714447 0.00564684 -0.0139028 -0.0124771 0.00975222 0.0115549 -0.00952193 0.022503 -0.021161 -0.00603682 -0.00268563 -0.00688828 0.00392807 0.00406315 -0.000370974 0.0100838 -0.000393369 -0.00754107 0.0024879 -0.00311029 -0.0024692 
0.0019442 0.012338 0.013068 -0.00457229 -0.0071886 -0.000442783 -0.011318 0.0120387 0.0406192 -0.00346068 0.00694081 -0.00326885 -0.00121861 0.00704603 -0.00565902 -1.47524e-05 0.00733822 -0.00542479 0.00186726 0.0108129 0.000619572 0.000751349 0.00505074 -0.00522807 0.0112692 -0.0190271 -0.00342214 -0.012106 -0.0141582 0.00201857 0.00489524 0.00574553 0.00767144 0.0113128 0.0108396 0.00820362 0.0138253 0.00617443 -0.00262133 0.00945182 -0.00500789 0.000528603 0.0111946 0.00948251 -0.00566644 0.00568515 0.00642052 -0.00393042 -0.00678772 -0.0209698 0.007964 
0.00374925 0.000853812 0.0116904 -0.000235699 0.0151763 -0.00187586 0.00841634 0.00520382 0.00727368 0.0063154 0.00986001 0.00637524 -0.0029396 0.00278215 -0.00272152 -0.00545702 -0.010522 -0.0198583 -0.00016132 0.00429088 -0.0055857 -0.0112526 -0.00539977 -0.00865578 -0.00945034 0.0128469 -0.00400332 -0.00323966 -0.0139819 0.00787268 0.000389696 -0.00979458 -0.00559837 0.000976803 0.00399043 -0.00899853 -0.00249997 0.00963432 0.00471164 -0.0106602 0.00356505 0.00726446 0.00493723 0.00944198 -0.0101098 -0.0107287 -0.00968535 0.00426789 -0.00917578 -0.0106843 -0.0056243 
0.00104582 -0.0135824 0.0086917 0.00892333 -0.0122188 0.0138323 -0.000757158 0.00576604 0.00941137 0.00339423 0.00299051 0.00479725 -0.00106755 0.000692676 0.000444974 0.00412207 0.000748324 -0.0187726 -0.00909656 0.00165757 -0.0100135 -0.015499 -0.027125 0.00841623 -0.000229033 -0.00770915 0.00568648 -0.00739965 -0.0105567 0.00652488 -0.0227415 0.014535 -0.00971378 0.0210704 0.0103405 -0.00302609 0.0182999 -1.44744e-06 0.00715785 -0.0112127 0.00197305 -0.00479427 -0.00151874 -0.00397096 0.0022993 0.00995409 -0.00965744 0.00843368 -0.00569703 0.00583831 0.00423303 
0.00290744 0.00201035 0.0151059 0.0108728 0.00703764 0.00519309 0.00816379 0.00141034 -0.00135975 0.0164942 0.00308867 0.00705972 0.00302896 -0.00561439 0.00274632 0.00827246 -0.0102636 0.00535291 0.0129198 -0.00687808 0.0113409 -0.0086028 0.00332866 0.000344274 -0.00344608 0.00740016 0.00687773 0.00580871 -0.00661507 -0.00265325 -0.00518991 0.0012689 -0.0147812 0.0137863 0.0136677 -0.0120725 -0.00750384 -0.0085707 0.00227343 0.000331475 0.0118895 0.00480477 -0.00584153 -0.00970076 0.00111756 -0.000914061 -0.0086329 -0.0105036 0.00189503 -0.0227453 0.0102856 
-0.00836481 -5.03402e-06 0.00625551 -0.00205146 0.00473516 0.00653556 3.17773e-05 0.0153974 0.0064682 0.0177093 0.00256223 -0.0160711 0.00157452 -0.00199286 0.00336941 -0.00958547 0.00802262 -0.010597 -0.00494058 0.0136967 -0.00993962 -0.0100308 -0.0207388 -0.0110195 -0.0170822 -0.000290849 -0.000921413 -0.00582079 -0.0185016 -0.023066 0.00603415 -0.0129531 0.0301913 0.0128512 0.00971304 0.00167679 0.0124502 -0.0073371 -0.00291302 -0.00597765 0.0109497 -0.017027 -0.012322 -0.00101776 0.00558338 -0.00412259 -0.0130626 0.00351968 -0.00211332 0.00902782 -0.0244118 
-0.000682133 -0.00781856 -0.0184526 -0.0255915 0.00159788 -0.00380023 0.0194105 -0.00342236 -0.0119788 0.00968063 -0.00427063 0.00338603 -0.0276581 0.0121469 0.0106854 -0.00930544 0.00343808 0.00934226 0.0132289 0.0166975 0.012039 0.00128439 0.0178063 -0.00478572 0.00573708 0.00121565 0.0194602 0.00107962 0.00105666 -0.00476172 0.00989553 -0.00921126 -0.00345235 0.00248873 -0.00981149 0.00966217 0.00265822 -0.01098 0.012239 0.00323678 -0.0022674 -0.021895 -0.0138467 -0.0200436 -0.00808372 -0.0121275 -0.0197206 -0.0156622 -0.00886354 -0.0128989 -0.00276132 
-0.0135396 -0.00101843 -0.0112301 -0.0108403 0.0198626 0.0186348 -0.00611217 0.00893045 0.00972064 -0.00519589 0.00304025 -0.000353655 0.00096379 -0.000984513 0.00621098 -0.00426945 0.00412019 0.00766449 -0.0100893 0.00501593 0.0137994 -0.010648 -0.0154549 -0.00725139 -0.023835 0.0140138 -0.0279101 -0.00399034 0.002159 -0.00943112 -0.0328818 -0.013144 0.0107363 0.00145458 -0.0171493 -0.00616123 -0.0263911 0.0070417 -0.00924827 -0.00290047 0.00321703 0.00657131 0.000456985 -0.0131488 -0.00956935 -0.00346641 0.012298 -0.00354912 0.00322976 -0.000120249 0.00173693 
0.0159124 -0.0124187 -0.00213337 0.00385452 0.020541 0.00251524 0.00353717 0.00743843 0.00767921 -0.00961421 0.00626432 -0.00307576 -0.0067137 0.00668628 0.012708 0.00934546 -0.0100073 0.00110557 -0.00270762 0.00567786 0.0114774 -0.0221921 0.0081368 0.010651 -0.00231693 0.00492094 -0.00170091 -0.0154528 -0.00165717 0.00788748 -0.00334855 0.00036162 -0.0106035 -0.0121 -0.0208951 0.0151123 -0.00289182 -0.000336838 -0.0168319 -0.00673961 -0.00734186 -0.000592254 -0.00140976 0.00997137 -0.00752805 0.0119168 -0.00441443 -0.00200143 -0.0117124 -0.00213916 0.000615767 
0.0162788 0.000909669 0.00359707 0.0100547 -0.00975587 0.0166174 -0.00129121 -0.00137375 -0.00603174 0.0104302 0.00372221 -0.0010348 0.00795533 -0.00554384 -0.0222047 0.00170992 -0.00285427 0.00305668 -0.00806297 -0.00190782 -0.00948394 -0.00779619 -0.00979979 -0.00785107 0.00208885 0.0108814 -0.00720301 0.0112743 0.016103 -0.00945939 0.00238526 0.000210978 0.0111393 -0.0136723 -0.000225129 0.0147671 -0.00127253 -0.00176112 -0.00762462 0.00327488 -0.0146848 0.0230469 0.00678305 0.0146459 -0.00355974 -0.000344025 0.00625841 0.00269885 -0.010194 0.00580024 -0.0187433 
0.0171302 -0.0178092 -0.0117972 -0.00861899 0.0059198 -0.00561348 -0.01148 -0.0109896 0.00440189 0.0027707 -0.00742823 0.0112663 0.00780636 -0.00510391 -0.00332886 -0.0084742 -0.00353471 0.0081217 -0.00594941 -0.00831196 -0.0102231 -0.00579168 0.00613667 -0.00573657 -0.0110539 0.00950302 0.000278141 -0.0209089 -0.00044794 0.00203328 0.00486172 0.000625178 0.00271123 -0.0219679 0.00774147 -0.00984423 0.0105892 0.000268099 0.0279991 -0.00802388 0.00609442 0.0100077 -0.0175594 -0.0228584 0.00252267 -0.00311347 -0.00519764 -0.00723483 -0.0283225 -0.00775237 0.00135898 
0.00285033 0.0126008 -0.00142397 0.000298188 -0.00733377 -0.00504098 -0.00968252 -0.015163 -0.00364309 0.000850229 0.00348247 -0.0188312 -0.00608392 -0.00989995 0.00902 0.00301492 0.00705952 -0.00283231 0.0118545 0.00889127 -0.00178776 -0.00587469 -0.0166584 0.00344035 -0.00531547 0.00758214 0.0175028 0.00368796 -0.00633691 0.0147394 -0.00723338 -0.0122301 -0.00033236 -0.000672148 0.0107047 0.0056955 0.0085515 -0.00465213 0.000121181 -0.018775 0.022601 -0.0168868 -0.00151806 -0.00559678 -0.015054 -0.0158248 -0.000595308 0.0235775 0.00424503 0.00651416 -0.000610604 
0.0146058 0.0202921 0.00715985 -0.00277217 0.00466843 -0.00590734 0.000345539 -0.00346171 0.00175149 0.00448209 -0.00316868 0.0126785 -0.00889734 0.0125884 -0.0116066 0.00486516 -0.000228188 -0.00329953 0.00262326 0.00964141 0.0191433 -0.00626433 -0.004076 -0.0132615 -0.0028286 -0.0105253 0.000688523 0.00122238 0.0161458 -0.0103492 0.00963946 -0.00051503 -0.00477444 -0.00774444 -0.0068402 -0.00433699 -0.0100913 0.00154139 0.00657876 0.00538833 -0.0156691 -0.00942477 -0.00955925 0.00154776 0.00407888 0.00881981 0.00023421 0.00491914 0.012009 0.000632652 -0.00353444 
0.0162471 0.00569013 -0.00318035 0.00700701 0.000442222 -0.00992589 -0.00883351 0.00347067 0.0106232 0.0169981 0.01688 0.00801702 0.0170404 -0.0087486 -0.00053065 0.000338815 0.00682374 -0.00876107 0.00716223 -0.011267 -0.00252819 -0.00266788 0.00500653 0.0178843 0.0142747 0.00268626 0.00300425 0.00850079 0.00807239 -0.00624223 -0.00666559 -0.00486003 0.00786206 -0.0122199 -0.000385803 0.00902408 0.0156114 -0.00144242 -0.0123705 0.000887245 0.00841661 -0.00826982 0.00573902 -0.000168864 -0.00506352 -0.00305608 0.0154164 -0.0171465 -0.000938607 -0.00749669 0.0146196 
0.00836665 0.00817822 -0.00202708 0.00344575 -0.00405177 -0.00585582 -0.00488085 0.0067028 0.00768833 0.000203065 0.0141206 0.0018099 -0.00416515 0.00788938 -0.00132553 -0.0147327 -0.0195624 0.00204673 -0.00400627 -0.00489206 -0.00274147 -0.0181903 0.0104337 -0.00791908 0.0112737 0.0197996 -0.000858849 0.010162 -0.00986686 -0.000304867 -0.00773291 -0.0144143 -0.00669659 0.00263853 0.0164789 -0.00346807 0.000808872 -0.00666725 -0.00352837 0.0151743 8.17486e-05 0.00684639 -0.00997134 0.00405193 -0.00328866 0.00201197 -0.00140767 0.00553075 -0.00337807 -0.0111963 -0.00198894 
0.00565572 -0.00228685 -0.00616593 -0.00270372 0.00823807 0.000998483 -0.00680041 -0.00696271 0.0122786 0.0180639 0.00615876 -0.00435874 -0.0070117 0.00527498 0.0130064 0.00357061 0.0105706 -0.00154086 -0.00280513 -0.00442634 -0.0100505 -0.0042539 -0.0245979 0.00895476 0.00939438 0.00442617 0.00350627 -0.00319524 -0.00961754 0.0139826 0.00985578 0.0185999 0.0119376 -0.0127304 0.00739275 -0.00441051 -0.011118 -0.0145217 0.0129677 0.00633082 0.0101063 0.000311003 -0.00583026 -0.00579133 -0.00943123 -0.00829342 -0.0061674 0.00848419 -0.000588186 -0.00127106 -0.011889 
-0.00991274 -0.000647247 -0.0101134 -0.00817598 0.00628153 -0.0201396 -0.00668073 0.00529049 -0.00479755 0.0154595 0.00884965 0.00177547 0.00259276 0.00832892 -0.02616 0.00140636 -0.017286 0.00764941 0.0211547 0.0133804 -0.00177444 0.00966947 -0.0135785 -0.0105785 0.017097 -0.0132739 0.00293986 0.0146781 -0.00253292 -0.0109819 0.00869745 -0.0119876 -0.0215863 0.00231953 0.0126879 0.00672052 -0.00831378 0.0045945 0.00720657 0.0138447 0.00478523 -0.00757482 -0.00223062 -0.011907 -0.00127549 -0.00300749 0.00525302 -0.000218803 -0.00346468 -0.00736157 -0.00349516 
-0.00159491 0.00568459 0.0104806 -0.00704458 0.0140158 0.00191133 0.00644119 0.0101786 -0.00757468 0.00545293 0.00917158 0.00225821 -0.00827627 -0.00962738 -0.00338691 0.0031253 -0.0114778 0.00872093 -0.00442906 0.00205477 0.00796108 -0.00776355 0.00342026 -0.00222102 -0.0194401 0.0025288 0.0167677 0.00594311 -0.0109126 0.00151728 -0.00443934 0.0108939 -0.00400283 0.00382125 0.00148493 0.00113641 -0.0088203 -0.0190764 -0.00252022 0.000962078 -0.0101033 -0.000961673 0.00622179 0.00232176 -2.69933e-05 0.0235319 -0.00648514 0.0037278 -0.0167893 -0.000454373 0.0142366 
-0.0015718 -0.00696995 0.00912312 0.00601859 -0.00525742 0.00207174 0.0013835 0.0158626 -0.00168653 0.00354546 0.00817524 0.00270183 -0.00823803 6.89068e-05 -0.0103293 -0.0155624 0.0151342 -0.00699427 0.00114505 -0.00890567 -0.0117618 -0.0143753 -0.0224138 -0.0113416 -0.00257389 0.0121643 0.00557417 -0.00403162 0.0012678 0.003577 0.0116644 0.00356402 -0.0179746 -0.00548003 -0.0104633 -0.00202439 0.00578968 0.000713538 -0.0126694 0.00397222 -0.00950348 -0.0077445 -0.00674168 0.0113092 -0.00987984 -0.028321 0.00156496 0.00246531 -0.0177417 0.0126335 -0.0177771 
-0.0112085 -0.00162021 -0.013221 0.00137806 0.00918417 0.00569425 0.00392823 -0.017182 -0.014569 0.00306423 -0.0195801 -0.00068964 0.00818026 -0.00372524 0.012292 0.00587775 0.0196323 0.0160646 -0.00662533 0.0120207 0.0149291 -0.000617253 0.00596632 0.00131865 -0.00839036 0.00904093 -0.000883833 0.00649787 0.0152734 -0.00083313 -0.0084624 0.0131374 0.00551327 -0.011339 -0.0112758 -0.000583578 0.00855133 -0.00497182 0.00864542 -0.0122847 -4.65388e-05 -0.00358738 0.00623472 0.0181919 -0.00557663 -0.0193938 0.000595229 0.00424706 0.0112239 0.00301685 -0.000570753 
0.012054 -0.00512956 0.00947724 0.0290844 0.0035171 0.00314809 0.00377016 0.00510452 -0.000865369 -0.00212486 0.00162937 -0.000318552 0.00188033 0.0265425 -0.00918798 0.0105565 -0.00899843 -0.000676019 -0.00295912 -0.0150425 -0.00880137 -0.01725 -0.00162548 0.00934396 0.00450665 0.0136186 0.0133955 -0.00685498 -0.016957 -0.00030688 -0.00848029 -0.00576771 -0.0060226 0.00652607 -0.00869758 -0.00151001 -0.00174702 -0.0057895 0.00893169 -0.00425783 0.00335302 0.00853735 0.0278644 0.00608469 -0.0124481 0.00602133 0.00199276 0.0184048 -0.023995 0.00270213 0.00426865 
-0.0118746 0.00475694 -0.010498 0.00128508 0.0207808 0.00918188 -0.00215304 -0.00554338 0.00875467 -0.00404812 -0.0184605 -0.00937387 0.00289235 0.0134528 0.00790412 -0.0126841 -0.0051038 0.0132213 -0.00490767 -0.0175066 0.00095158 -0.00138291 -0.0185544 -0.00574761 0.0118823 0.00299302 -0.00336062 -0.0178954 -0.0113103 0.00506907 0.00754454 -0.00384329 -0.000798887 0.00564337 -0.00654796 0.0235681 0.00655585 0.00905056 0.00732648 -0.0193624 -0.000708047 -0.0103932 -0.00373769 0.0021031 -0.002465 -0.00619509 0.00144077 0.00495392 -0.00640762 -0.0070314 0.00961693 
0.00134696 0.0198423 0.00671277 -0.00296979 -0.0119187 -0.00336486 -0.00577034 0.0080016 0.00450256 -0.00103076 0.0150914 0.0111726 -0.0107704 -0.00620218 0.00101325 0.0117684 -0.0088003 -0.00544549 0.00524098 -0.0040408 -0.0169254 -0.000242892 -0.00501319 0.0128294 0.0031875 0.00300306 0.00832431 0.00292715 0.00465059 0.0189897 -0.0184878 -0.0145526 -0.0178763 0.00599344 0.00858564 -0.00747395 0.00997377 0.00757245 0.00448235 -0.00312161 -0.00174399 0.00443895 -0.00114655 -0.0146396 -0.000131623 0.00842158 -0.00727445 -0.0150221 -0.00526333 -0.0127736 0.0209387 
0.0191204 -0.00596211 0.00290918 -0.000911689 0.00453762 -0.0250193 0.00724849 0.0062582 0.024636 0.0164539 0.00554949 -0.00735727 0.00924585 -0.00582708 -0.00389981 0.0246921 0.00264482 -0.0164677 -0.00968436 0.00693302 -0.00979476 0.022992 -0.00673397 -0.0173397 -0.00516011 0.000967655 0.0119926 -0.0129915 0.0170887 -0.0128889 0.015386 0.0127499 -0.0108329 -0.00911449 0.0016084 0.0120477 0.00641641 0.00592569 -0.0296499 0.00473127 -0.00880389 -0.0115805 -0.000841983 0.0117157 0.00805108 -0.00138525 0.0079018 0.0135787 0.0052249 -0.0165863 -0.0113987 
-0.00356182 0.0223163 0.0250854 -0.0139727 0.00906699 -0.00749664 0.000446894 0.0146252 -0.00377129 0.0061776 0.00545844 -0.00566121 -0.018967 0.0108858 0.0104034 0.015668 0.0168429 -0.00465186 -0.00860127 0.00660613 0.00699962 -0.00315182 -0.00580304 -0.0109216 -0.00906673 0.000619897 -0.00168874 0.0124811 0.00852605 -0.00212216 -0.0136402 -0.00452185 0.00319966 0.0119996 0.0147308 0.00127232 -0.00359857 0.0158574 0.000728595 0.0105501 -0.00141042 0.00449324 0.0166206 0.00329931 -0.000419006 -0.0192667 -0.012554 0.00185549 0.00466099 0.00610984 -0.00163396 
0.00932348 0.0028013 -0.00764027 -0.00365026 -0.00739141 0.009834 0.00318711 -0.0194677 -0.00360852 -0.00952784 -0.000825753 -0.00653209 -0.00696014 0.0113392 0.00287595 0.00375753 0.00764787 -0.00586394 0.00808994 0.00558325 0.00720652 -0.000586404 0.0185682 0.00345575 -0.00761761 0.0144253 0.00777767 -0.00689057 -0.000594626 -0.0245872 0.011267 0.00651457 0.00600351 -0.0128411 0.00487281 0.00264934 0.00352163 0.00393557 0.0114138 -0.00117202 0.0130176 -0.00657746 -0.00899381 0.00431982 -0.00229797 0.00539673 -0.00158082 0.0103952 -0.00926223 0.00822051 0.00995659 
0.00410728 -0.001995 -0.0019442 -0.00146922 -0.00562841 0.0113744 0.00367761 0.0194819 -0.00441185 -0.00240974 -0.0110022 0.00394798 0.000856534 0.00949013 0.00250982 0.00788874 0.00873539 -0.00466022 0.0108545 -0.00767365 -0.00473572 0.0020998 0.0195388 0.00415787 -0.00441917 -0.00338019 -0.00151701 -0.0144604 -0.00649071 -0.0218937 -0.0158628 0.00534306 0.00500166 -0.00797807 -0.00675121 -0.0129052 -0.0010969 0.00726332 -0.00201576 -0.00920723 0.0100446 -0.00720884 -0.000774334 0.00430503 -0.00174284 0.00188559 -0.00401589 0.00776245 0.00869016 -0.00779399 -0.000125595 
0.00557339 0.012455 -0.00392949 -0.00311902 0.0155827 0.00326223 0.00426485 -0.0061599 0.0223987 0.00511418 -0.00141148 0.00315707 -0.00322999 -0.00588577 0.00878301 0.0232406 -0.00553379 0.0332927 -0.000828658 0.0187369 -0.0151488 -0.0182426 -0.00582387 0.00198655 0.0165902 0.00390999 0.00965081 -0.00349913 -0.0107227 0.0158113 0.00291176 -0.00139612 0.0018266 0.000685778 0.00965155 -0.00402605 0.00866218 -0.00164318 -0.0020774 -0.00852602 -0.000863122 -0.0151578 -0.0166802 0.00046036 -0.00887056 0.00156489 0.0236827 0.0053655 -0.00939683 -0.000482523 -0.00246387 
-0.00881775 -0.00481882 -0.00482698 -0.000170799 0.00168619 -0.00164172 0.00328049 -0.00448146 -0.00768035 -0.01892 -0.0124819 0.00774448 -0.0136131 0.0123784 -0.00526118 0.0066427 0.00535776 -0.00723064 0.00352615 -0.00833732 -0.0018501 -0.00642038 0.00619829 -0.0107161 0.0217122 -0.0176545 0.009311 0.0179126 0.00279454 0.0037508 0.00476559 0.0146342 0.000862739 -0.0114551 -0.00865554 -0.00928796 0.00462444 0.00601586 0.00159018 -0.000833918 0.00865865 -0.00350242 0.0129291 0.00998076 0.00570512 -0.00186054 0.017481 -0.000128337 0.0045282 -0.0119055 -0.00658016 
0.00638375 0.00410667 -0.0134526 -0.00400183 -0.000728426 -0.00291274 0.00606169 0.0012314 0.0054637 0.0154846 -0.0147376 0.00806124 0.00126898 -0.00690526 0.00513825 0.0144291 -0.00838006 0.00749946 0.00573611 0.0194705 0.00977526 0.00443941 0.0024237 0.00528043 -0.00453954 0.00930889 -0.00158079 0.000709765 0.00427285 -0.0122378 0.0126411 0.0005699 -0.0057381 -0.000226331 0.000511031 0.0115385 -0.00740399 -0.000157467 -0.00296953 -0.00904175 0.00378954 -0.00624084 -0.001001 -0.0051145 0.0124326 -0.0136088 0.00435403 0.0151724 0.0090586 0.00623378 -0.00974476 
-0.0027153 -0.0022131 -0.0199166 0.00184677 -0.000902569 -0.0164805 -0.00439785 0.00811144 -0.00309874 0.00225679 -0.0081642 0.00811461 -0.00842408 0.0168428 -0.00647137 -0.00454816 -0.0172428 0.00646206 -0.000621171 0.014798 0.0117685 0.00494562 0.0127697 -0.00693544 -0.0060268 0.00349113 0.00626196 -0.00266976 -0.0098275 0.0114287 -0.00271849 -0.0112259 0.00379145 -0.0117611 -0.00610748 -0.00440106 0.0162189 0.0075337 0.0013724 -0.0184555 0.015082 0.00965651 -0.000517757 0.0171185 0.0100878 0.00984422 -0.0127528 0.00551916 -0.00677378 0.00230691 -0.00412571 
-0.00969036 -9.12913e-05 0.0131619 -0.0190782 0.0214402 -1.27362e-05 0.00268983 -0.0112115 -0.0163982 0.0117621 0.00560034 0.00159774 0.00717299 0.00137714 8.76999e-05 0.00174061 0.000155818 -0.0185683 0.00904551 -0.0117347 0.00762478 0.00292113 0.0122422 0.00153992 0.00618755 0.00144957 0.0167958 -0.00992437 -0.00429516 0.0243495 -0.00269839 -0.0167733 -0.00815328 0.0130248 0.00229011 0.00572634 0.0184211 0.0010523 -0.00490823 -0.000766702 0.00395425 0.0136515 8.99724e-05 -0.00844022 -0.00235389 0.022761 -0.0132235 0.00288338 0.000849503 0.0035209 0.0155399 
0.0210784 -0.00732411 -0.00600822 0.00716596 0.00371468 -0.00276111 0.014205 0.00227726 -0.0117359 0.00499854 0.00175742 0.0107642 -0.00570244 -0.0315369 -0.0114948 0.0036802 -0.0127211 -0.0116484 -0.00868239 -0.00776288 -0.00299586 0.00874491 0.0178385 0.0069516 -0.00648667 -0.00338342 -0.00558063 0.00524881 -0.00215188 -0.0045588 0.0231652 0.000383703 -0.00591739 0.000162121 0.00161027 0.00472502 -0.00798076 -0.0215849 0.0042405 -0.00218959 -0.00669186 0.00609216 0.00152932 0.0152896 0.00610891 0.0105281 0.0236181 -0.00717223 0.00365752 0.0064846 -0.000190804 
0.0152577 0.00443989 -0.0132443 0.00409944 -0.0141464 0.0103936 0.0116425 0.00542577 0.00144687 0.0142787 -0.00287116 0.0159582 -0.00527445 -0.000522097 0.0125178 0.00028039 0.00917889 -0.00854797 -0.00500862 0.00773125 -0.0116192 0.0106423 0.00641222 0.0106154 0.00379465 0.0197279 -0.000393018 -0.0105742 -0.00186787 -0.00654791 -0.00156343 -0.00371019 -0.00975911 0.00791851 0.0111163 0.0107864 0.00656451 0.00562913 0.00581429 0.00968535 0.0134495 0.00390893 -0.00601917 0.00724266 -0.00640057 0.0030853 -0.000410566 -0.00209742 0.00776872 0.0153705 -0.00635512 
0.00694582 -0.0114272 0.00450258 0.012684 0.00461122 -0.0161977 0.0147859 0.000977717 0.0158356 -0.00663268 -0.00308375 -0.00025295 0.0159385 -0.000105628 -0.00544529 -0.0155835 0.0018915 0.00898514 -0.0027595 -0.00119334 0.00842305 0.0140804 0.00590852 -0.00681334 0.0138949 -0.00486735 0.00626457 -0.0250583 -0.0140207 -0.00182893 0.0116348 -0.00371335 0.0206758 0.00123844 -0.00331871 -0.0213602 0.0031453 -0.00530064 0.0118445 0.0202812 -0.00613937 -0.0172045 -0.00193802 0.00185957 -0.000557259 -0.000568284 -0.0132349 -0.00763349 0.00936671 0.00658184 -0.00461263 
0.00304373 0.00586463 0.0044894 0.0103613 0.0205616 0.0184102 -0.0130515 0.0029657 -0.0100923 0.00847034 -0.00309454 0.0113773 0.0150155 0.000952627 -0.000111947 -0.0194248 0.0101708 0.0150923 0.00317013 0.0162009 -0.0105817 0.00951828 -0.00179484 -0.000114403 0.0228936 0.00748803 0.000387423 -0.00646478 -0.0122696 -0.0185272 0.0144672 0.00570159 0.00454656 -0.00295235 -0.000980902 -0.00450287 -0.00958729 0.00458843 0.0120546 -0.000496673 -0.00204969 0.00939651 0.0051543 0.00255893 0.00333068 -0.0066496 -0.00246009 0.0080193 0.00404007 -0.00867617 -0.0199243 
-0.00532183 -0.00476893 0.0032068 0.0136438 0.00435826 -0.00264802 -0.00906528 0.00444172 0.0190854 -0.00362331 -0.0168761 0.000406431 -0.00182816 0.00220783 -0.00332828 0.00529892 -0.00977001 0.00380708 -0.0258162 -0.0142871 -0.000297913 0.0227998 0.000488566 0.00777822 0.00764417 -0.00699348 -0.00178939 0.0150781 0.0027715 -0.00508895 -0.000336641 -0.0115417 0.00682057 0.00746887 0.00221836 -0.0142499 0.00302736 0.0119499 -0.00209306 -0.00381229 -0.00530518 0.0113425 0.00509502 0.0051613 0.00118646 0.01571 -0.0213107 0.0198647 -0.00554249 -0.0181885 0.00106435 
-0.000669438 -0.000779368 0.00584873 -0.00150841 -0.00909009 0.00474324 0.0157315 0.00261575 0.0128421 -0.0141829 -0.0242312 0.00802713 -0.00541765 -0.0022433 0.000515226 -0.00508132 0.00782409 -0.00506988 -0.00102083 -0.00770853 -0.0100169 0.0205248 -0.00966451 0.0103403 -0.00137279 -0.0133926 0.0034898 0.00965932 -0.00491407 -0.0125333 0.00630394 -0.00633231 0.00931716 0.0085678 -0.00355929 0.00823437 0.00858749 -0.00467294 0.00576924 0.0191804 -0.0123662 0.000606483 0.0224736 -0.0011452 -0.00879839 -0.0114392 -0.0215916 -0.00769899 -0.0126741 -0.00810815 -0.00431052 
0.00864851 -0.00197267 0.00309762 0.0180793 -0.00432077 0.00602886 0.00264465 0.00458261 0.0049717 0.00247649 0.00300191 -0.00807857 0.0151449 -0.000586622 0.00551348 -0.00350373 -0.00934044 -0.00847417 -0.00524671 -0.00606793 0.00661258 -0.00398647 0.00110496 0.0135834 -0.0130718 -0.00109423 -0.0107317 -0.0141184 0.00499306 0.0146303 0.00120369 -0.0130105 0.0049066 -0.00169454 0.0066562 0.0149847 -0.0060387 0.000546856 -0.00708245 -0.00865326 -0.00768687 -0.00266937 -0.00495798 -0.00122636 -0.01973 0.0103405 -0.00841775 -0.00725884 -0.0052173 0.00643193 0.00243025 
-0.00573907 0.0178624 0.00755736 0.0178651 -0.0121504 0.00538409 0.01471 -0.00873452 0.0169181 -0.00340999 -0.0125287 0.0155203 0.0106595 -0.0189812 0.00824223 0.0012746 -0.0159779 -0.0162383 0.0159201 0.00821385 -0.0159125 0.00210698 0.0139103 -0.000109712 -0.00982766 -0.00278795 0.00640464 0.0102575 0.00264271 -0.00492992 0.00466352 -0.00188256 0.00655956 0.00233403 -0.00696471 0.000715788 0.0133605 0.00980372 0.015386 0.0221784 0.014657 -0.00369278 -0.0154971 0.00220907 -0.00513971 -0.0145351 -0.00594235 -0.00561749 -0.001077 -0.0210129 0.000713696 
0.00397444 0.0117531 -0.000514954 0.00878652 -0.0172736 -4.9601e-05 -0.0106106 -0.0174704 0.00466931 -0.00127849 -0.0297849 0.0092193 -0.00261067 0.0163262 0.00561576 0.0058055 0.0037172 -0.0162388 0.0150144 0.00316224 0.000679498 -0.0091065 0.00731607 -0.0150681 -0.00861138 0.0112975 -0.00671281 -0.00402668 -0.00591725 -0.00860707 0.0208908 0.00774021 -0.0115141 0.0149438 0.00255961 0.0166336 0.0100744 -0.00280407 -0.0135322 -0.00439498 0.00947211 -0.00355991 0.00881436 -0.00740642 -0.0239758 0.0100877 0.000791405 -0.0012386 0.00980792 -0.00554878 -0.00938041 
0.0141397 -0.000507216 -0.00250065 0.00352439 0.00490684 0.0190908 -0.00195986 -0.00372044 0.00168064 -0.00192306 0.00329136 -0.000865498 -0.0211862 0.00412434 0.000250354 0.0194411 -0.0224866 0.0115868 0.0132224 -0.0101881 -0.0142467 -0.0187561 -0.000576607 0.00930201 0.0157548 0.00773825 0.00170503 0.00926151 -0.000319963 -0.00461904 -0.00633015 -0.0108062 -0.00560648 -0.0101364 0.00764426 -0.0038503 0.0116034 0.00193828 -0.00612773 0.00133669 0.0106621 -0.00720164 0.00979777 0.0066143 0.00459688 -0.00731189 -0.0119937 -0.0187944 -0.0051928 0.0159415 -0.014564 
-0.00315894 0.0130329 0.00647411 0.0264831 0.000957346 0.00292506 0.00336819 0.000640779 0.00478662 -0.00738378 0.000732324 0.00375965 0.00800294 -0.0137666 -0.00950928 -0.00659764 -0.0157789 0.005175 0.00447952 -0.00446161 0.00899649 -0.00846813 -0.00709316 -0.00756316 -0.0110095 -0.00272155 -0.000998751 0.0103685 -0.0211115 0.0024088 0.00583947 0.016684 -0.00740405 0.0109588 -0.0241239 -0.00533266 -0.00381611 0.00933045 0.0161413 -0.0100242 0.0124216 0.0120921 -0.00316514 0.00539066 -0.00509096 -0.0044236 0.0146702 0.000372692 0.0108036 0.00313487 -0.00328168 
0.0114802 -0.00767415 -0.00490415 0.00508436 0.00762911 0.0219473 -0.00412992 0.00809311 -0.000385089 0.0100951 0.00121186 -0.00704754 0.00292314 -0.00767285 0.00541022 0.00702106 -0.00994541 -0.01312 -0.00179475 -0.0154553 0.000859901 -0.00516791 -0.0197095 0.013653 -0.0143237 0.000746342 0.0030192 0.00555953 0.00430466 -0.0127017 -0.0238186 -0.0141362 0.00934301 0.0165961 -0.00984983 -0.0181504 -0.00936455 -0.00504983 0.00077764 -0.00569863 0.018629 0.00451842 -0.00634645 -0.00569236 -0.0149149 0.00655356 0.00493966 0.0111688 0.00408313 -0.00158275 -0.013182 
0.0100376 -0.000866133 -0.00601321 -0.00732255 0.0053852 0.00617228 0.0131972 -0.0134703 0.00324592 0.0108628 0.00430523 0.000257319 -0.00191027 -0.00472698 0.0122095 0.00779412 -0.00158715 0.00963838 -0.00699529 -0.00544531 -0.0203876 0.000326011 0.00580288 -0.00881791 0.0109738 0.0120263 0.0147171 0.00962725 0.00839154 0.00399628 -0.0126992 -0.00034183 0.00498775 0.00166109 -0.00424374 -0.0189683 -0.0172936 -0.00249414 0.000611451 0.0129005 0.00581901 0.000843502 -0.00350541 0.0072592 -0.00477158 -0.0143315 -0.0101304 0.00583455 -0.00591912 0.0178724 0.00372512 
-0.0177156 -0.0104231 0.0106897 -0.0103317 -2.26663e-06 -0.00969114 0.012711 0.00542699 -0.00240023 -0.00566397 -0.00475026 0.00236176 -0.0165126 0.00205688 0.00182251 -0.00305884 -0.00430117 0.00805901 -0.00262093 -0.00611712 0.00559055 0.0078003 -0.00103618 -0.000897166 -0.0182544 0.00954186 -0.00530729 -0.00308112 -0.0109958 -0.0211855 -0.0130262 0.00522318 -0.0015863 0.00376985 0.0108402 -0.0164111 0.00361518 0.0171651 -0.00143611 0.00147747 -0.00539311 -0.0129368 -0.00891795 -0.020123 0.00886802 0.005322 -0.00400972 0.0104138 -0.00574581 0.00354214 0.00289126 
0.00711493 -0.000988986 0.0209413 -0.0072103 0.00539114 0.000753509 0.00131536 -0.000791217 -0.0029227 0.00856726 0.0117108 0.000557477 -0.00753699 0.00437498 0.0228906 0.0061392 0.0195508 -0.0101802 -0.010234 -0.00204929 0.00965574 -0.00705908 -0.0140922 0.00774233 -0.0135729 0.0122986 0.00852795 -0.00852544 -0.00872335 -0.00854293 0.0124249 0.0138142 -0.00323596 0.00790237 -0.00595501 -0.000963444 0.00532079 0.00470485 -0.0137573 -0.0162997 -0.003316 0.0082144 0.0119624 -0.000990653 -0.00693886 -0.0113802 -0.0317001 -0.0037101 0.00641717 -0.000961351 -2.59624e-05 
-0.00629696 0.003869 0.00862585 0.00627404 0.00229504 -0.000273708 -0.00461912 0.00490495 -0.00567218 0.0188495 -0.0119259 -0.00109833 0.00175177 -0.00769653 0.0136119 0.00159976 -0.00387833 0.00857627 0.000417452 0.0119959 -0.00188945 -0.0165857 0.00250104 -0.000245657 -0.00201681 0.0102808 -0.00249474 0.00398409 0.000504605 0.00149786 0.00659106 0.00334585 -0.0023025 0.00158594 0.0114608 0.0145386 0.00545692 0.00875962 -0.0146215 -0.00363936 -0.0102486 -0.0010557 -0.0215505 7.33135e-05 -0.002188 0.00697604 0.0122447 0.00809967 0.0108238 -0.00464329 0.0040782 
0.0130718 0.00146477 -0.000682705 -0.0157835 0.00632676 0.00614241 0.0013268 -0.00228667 0.00666838 0.00545925 -0.00195946 -0.00669475 0.0176385 0.0043572 0.00761913 -0.00426061 0.0106193 -0.00352572 -0.00271284 0.0177779 0.0135418 -0.0132966 0.0184582 -0.00111569 -0.013487 0.00289116 -0.0053587 -0.00246889 -0.00170634 0.00939007 -0.00792147 -0.00548034 -0.0160434 0.00423917 -0.00439094 0.00711599 0.00905426 0.00496299 0.00435086 -0.00508779 0.000872313 -0.00317811 -0.0193878 -0.00641977 -0.0127658 0.00932966 -0.00822206 -0.0126198 0.00279772 0.0141373 -0.0187179 
0.00746524 0.0100717 0.0151685 -0.00834208 0.0112855 0.0074022 -0.00956539 -0.00297326 0.00875045 0.00292984 0.0091128 0.00191695 0.00825044 -0.0189221 -0.00606845 -0.0171233 -0.00328492 -0.00370012 0.00776442 0.0025918 -0.0108355 -0.000622647 0.00957379 0.00187032 -0.00808162 -0.0112569 0.00403553 0.0132404 0.00658101 0.0085831 -0.0157034 0.00905762 0.012794 -0.0212524 0.0204827 0.0134283 0.0126585 0.0070938 -0.00290971 -0.0235096 0.0129608 -0.0161781 0.00718798 0.00638023 0.00673501 0.000108935 0.000450437 0.0293073 -0.0171692 -0.00896429 -0.0111926 
0.00481678 0.00497697 -0.0171376 0.00180014 -0.00950934 -0.00277575 0.00105458 0.00134152 0.00705545 0.00978843 0.00764902 0.0128196 -0.00232635 -0.0134988 0.00660723 0.00502976 -0.00586906 -0.0129522 0.0147173 0.0199628 0.0144253 -0.0107939 -0.00815341 0.0199781 -0.00238947 -0.00624164 0.00420712 0.00948519 0.00537752 0.0211697 -0.00250742 -0.00506609 -0.00365187 -0.00170843 0.000880898 -0.0216136 -0.0243662 0.00860381 -0.00941433 0.0037219 -0.00511787 0.00179557 -0.000591151 -0.00805106 -0.00694523 0.0326452 0.00447027 0.000402925 -0.00817594 -0.00426402 -0.00608051 
0.017635 -0.000380063 -0.00493312 0.00650219 0.011714 0.0110004 -0.00963232 -0.00961596 -0.000540266 0.000129911 -0.00718671 -0.00171632 -0.000887779 0.00339059 0.00355999 -0.00481515 -0.0105552 -0.00893096 -0.00323428 0.000410162 0.0080925 -0.0105689 0.00314668 0.0115532 0.000175229 -0.0010596 0.00470467 -0.00956374 0.00470887 0.00519556 -0.0144278 0.0109366 -0.00392748 0.000942517 0.00115008 -0.00946714 -0.00460012 -0.0114944 -0.0122462 -0.00258014 -0.00822434 0.0109835 -0.0121485 0.0107771 -0.0102799 -0.00060704 -0.0220902 0.00372743 0.00257053 0.0141008 0.00120729 
0.00730775 -0.00218662 -0.00419453 -0.0141357 -0.00250726 -0.017478 -0.00545738 0.00615771 -0.0131054 -0.00600356 -0.00803526 0.0025115 -0.00644719 0.00547017 3.72596e-05 -0.00344408 -0.00816374 -0.0199786 -0.000593312 -0.000121136 -0.0079421 0.00668512 -0.000794518 0.0031029 -0.00159153 0.00118919 0.00289335 -0.0089194 -0.0060192 0.00476977 -0.00853126 -0.00858657 -0.0106212 -0.0081189 0.011641 0.00899168 -0.00157516 -0.0106806 -0.0016587 -0.00714957 -0.0136402 0.0160918 -0.00401557 -0.00193452 -0.0309171 -0.0117586 -0.00469907 0.00761862 0.00811457 0.0131549 0.00170952 
0.00920531 0.00236327 -0.0113803 -0.00117619 -0.022845 0.00324621 -0.00788895 -0.00253035 0.00683672 0.00138239 0.0124049 0.00254395 0.00745657 -0.000504259 0.0159372 0.00498445 0.00816672 0.00336827 0.00847931 0.00583565 0.0217198 -0.00755876 -0.0200298 0.0131238 0.0144682 -0.00329044 0.0027305 0.0133957 -0.0090578 -0.0167392 0.0106301 -0.00392383 0.000986867 -0.00210707 -0.0226596 -0.0260485 -0.00026331 0.0148012 -0.0101403 -0.0146302 -0.00190274 -0.0100228 -0.00177953 -0.00138139 0.00667545 0.00916191 -0.0143913 0.00847202 -0.00917715 0.00926969 0.0165909 
-8.00675e-05 0.00243261 0.00646744 -0.0245397 -0.00799686 0.00251843 -0.021568 -0.0154496 -0.00248236 0.0163561 0.0122821 -0.0194408 0.0266797 0.00819423 -0.00503941 0.00283514 0.0152262 0.0142276 0.00609807 -0.000717725 -0.000867314 -0.00218558 0.0171457 -0.0149358 0.0106153 -0.0076563 0.00127068 -0.00565201 0.00680458 -3.37435e-06 0.00361387 -0.00686336 0.0265701 -0.0219255 -0.00345561 -0.00215777 0.00725065 -0.0105728 -0.0126642 -0.0114221 0.000364693 0.0145891 -0.0046421 0.00125185 0.00058701 0.0080446 0.0194614 0.000299398 -0.00581855 -0.0172647 0.0073172 
-0.00441801 0.0192191 -0.00139576 -0.0135281 0.00446047 -0.0099694 0.0122602 0.00446604 0.0202774 0.000553161 0.00834279 0.00246394 -0.00626321 0.0118388 0.00539187 0.0100406 0.00505583 -0.0145002 -0.00662662 -0.00763883 -0.014695 0.0141392 -0.0153584 0.00265319 -0.000596653 0.0165493 0.0033842 -0.0022561 -0.0171396 0.0117738 0.00265049 -0.0108991 0.0118817 -0.00455667 -0.0176663 0.00129417 0.00393668 0.0180769 0.00210777 -8.85112e-05 0.00836137 0.00853854 0.00257963 -0.000770626 0.0130203 -0.00485146 0.0118355 0.00197318 0.0126972 -0.000295987 0.00026156 
0.0015829 0.0172075 -0.0157386 -0.0131198 0.000485166 0.000517196 0.0149151 0.00903989 0.0108533 0.000920869 0.019515 0.0021284 -0.0106349 -0.0135559 -0.00796702 -0.00570496 -0.00313578 -0.0040202 -0.0121376 -0.00567711 0.00830947 0.00635904 -0.00212266 0.00180471 0.00100551 0.00586661 0.00864594 -0.00549271 0.00784321 0.00347477 -0.0143275 -0.00497359 0.0165424 0.0197106 -0.0209601 -0.00218239 -0.0213337 -0.00355568 -0.0169727 0.00947712 0.000954416 -0.00177027 -0.0121247 -0.00123525 0.00170354 0.00776061 -0.0210706 -0.00507715 -0.00891819 0.00529885 0.0105659 
-0.0079104 8.82623e-05 -0.00190309 -0.000493981 -0.00959255 0.000788073 0.00327907 -0.0117763 -0.000991403 0.000724022 -0.00565498 -0.00204996 0.0104646 0.0043324 0.00393212 0.00407722 0.00340477 -0.0145731 -0.00474696 -0.000917279 0.001546 0.00344796 0.00744082 -0.00482655 -0.00251612 -0.0097231 -0.000761292 -0.0108949 -0.00991678 -0.00806601 0.025636 -0.0213354 0.00299744 0.00659956 -0.0041497 -0.00993511 0.0106953 -0.00341224 -0.00360492 0.0046647 0.0101584 0.000891014 -0.00271913 -0.00347738 -0.00477358 -0.0111369 0.0223758 -0.0112969 0.0193583 0.0156063 -0.000145202 
-0.00424729 0.000977241 0.00354877 2.17461e-05 0.00942377 0.00215285 -0.00265588 0.0031627 0.00429863 0.00215535 0.0198596 0.00202642 0.00997887 0.00921506 0.00902005 -0.00673313 -0.001931 -0.00786376 -0.0110293 -0.0152535 0.0069791 0.00394097 0.0165392 0.0144211 -0.009291 0.0127682 0.0109203 0.00795515 -0.00468445 0.0132276 0.00463342 -0.00429814 0.00904026 0.00155809 -0.00743025 -0.00141889 -0.00979257 -0.0100605 -0.0172359 0.0059852 0.0153996 -0.00972946 0.000587309 0.000357382 0.0120215 0.00512562 0.000657867 0.0138342 -0.0106401 0.00697824 0.00585795 
0.00946903 0.00302264 0.014474 0.00645274 -0.00934294 -0.00433618 0.00586715 0.00306846 -0.0222033 -0.00190857 -0.0032976 -0.00203657 -0.000331259 -0.00730993 0.00428816 0.0012947 0.00754905 0.0114059 -0.00321563 -0.000394977 -0.00226424 0.0112271 0.00789062 0.0182922 0.00684722 -0.0149726 0.0133933 -0.00221809 -0.00456347 -0.00139573 -0.0206333 0.0174724 -0.0129555 0.0162507 0.00978628 -0.000933788 0.0130539 0.0174737 0.00681099 -0.005365 -0.00184508 -0.007097 -0.00276596 0.0172078 0.00612497 0.00629884 -0.00597015 -0.00709907 -0.000395639 0.000900913 -0.00418921 
0.0076165 0.00223912 -0.001011 0.00796356 -0.0110064 -0.00599521 0.00247848 0.00481971 0.00282583 -0.0172183 -0.000378657 -0.017471 -0.0058319 0.00883896 0.0109979 0.00071966 0.0157702 0.00727593 -0.000646637 -0.00561736 6.7678e-05 -0.00595571 -0.00466251 -0.00833704 -0.00685529 0.00397018 0.0184619 -0.00607472 -0.00180831 0.0104205 0.0139428 0.00712212 -0.0137143 -0.0140639 0.00135946 -0.0035514 -0.00184992 0.00683148 -0.0145355 -0.00140593 -0.000631756 0.0134224 -0.00349816 0.00105851 0.00387866 -0.0106198 0.0022468 -0.00884836 0.0127758 0.00945082 -0.0109562 
0.00950817 0.00195293 -0.00148248 -0.0199274 0.0017649 -0.00443556 0.0106769 -0.0171911 0.0159448 -0.0125701 -0.00702387 -0.00615347 0.0168863 0.000404 0.0195591 0.0048917 -0.0113448 0.00205884 -0.00543265 -0.0166865 -0.00654734 -0.00462711 -0.016453 -0.00204804 -0.00815332 0.00234944 -0.00582509 -0.00137631 0.00353777 -0.00527634 0.00401804 0.0105498 0.00190644 -0.00918078 -0.00677996 0.00406803 0.00460267 -0.0051115 -0.00778053 -0.00197464 -0.0253086 0.0132909 -0.0158848 -0.0116345 0.00265583 0.00959484 -0.00245653 0.00456104 0.000732489 -0.0124233 -0.00161636 
-0.00467474 -0.00213532 0.00296598 0.00446917 0.0106349 0.0102426 0.0292275 -0.0152561 -0.00961211 -0.000537784 0.0252482 0.0128065 -0.00229754 0.01158 0.0221306 0.01184 0.00215525 0.0119258 0.00548772 -0.00572879 0.00279437 -0.00153448 -0.00960526 0.00661009 -0.00127752 0.00631378 0.0039546 -0.0149261 0.00204006 0.0023837 0.00138807 0.00981972 -0.00521092 0.00891279 -0.0126501 -0.0010498 0.00043537 -0.015468 0.0118823 -0.00130512 -0.00527558 0.00266165 0.0046856 0.0142219 0.0137445 0.00835262 -0.00860866 0.00603439 0.0070782 -0.00511501 0.00528429 
0.00112663 0.0121773 0.00688921 0.00325558 0.00460503 0.00446752 0.00936339 0.00368532 -0.00297689 0.0102785 -0.0151199 0.00313387 -0.00516727 0.00879269 0.00124921 -0.0147864 -0.00830117 -0.00891779 -0.00164638 0.0044554 -0.000200367 -0.00145128 0.0180835 0.010234 -0.00779165 0.00377099 -0.020541 -0.00379293 0.00373482 0.0143664 -0.00655804 -0.00713005 -0.00349873 0.0135539 0.00839326 -0.0068185 0.00175505 -0.00978575 0.00162177 0.0280918 0.00172622 0.00906908 0.00369952 0.00768611 -0.00221202 -0.00749466 0.00779923 -0.00262816 0.00733641 0.00663897 0.00692757 
-0.00145901 0.00260563 -0.0100936 0.0201734 -0.00562274 0.00732427 0.00159397 0.00458917 0.0083475 -0.00552302 -0.00558014 -0.00521739 0.0037017 -0.000686325 -0.00212216 -0.018287 -0.00804166 0.0147684 -0.000641322 -0.00190883 0.00396125 0.00242738 -0.0257364 0.0155726 0.00182917 0.000727835 -0.00524949 0.00191138 0.0114365 -0.00557152 0.00562555 0.00104672 -0.00195535 0.00420165 0.0022786 -0.000981628 -0.00616688 -0.0030672 0.000238189 0.00556007 -0.00604412 0.00992551 -0.0070137 -0.00456411 -0.0126381 0.00754309 0.00827519 0.00388503 -0.00283486 0.00363979 -0.00146127 
-0.00201191 0.00205335 0.0187172 -0.00569103 -0.0118135 0.0025061 -1.45873e-05 0.00721045 -0.00475895 0.0110535 0.00495246 0.00743703 -0.00866332 0.00161097 0.0150969 0.010418 0.00398329 -0.0141911 -0.00554918 0.0101663 0.00377407 -0.00732411 -0.0104329 0.0125223 -0.00397395 0.00963671 0.00450772 0.020999 0.00542157 0.0121852 -0.0149564 0.0106032 0.00384278 0.019577 0.01245 0.00827468 -0.0179473 0.00940026 0.0293651 0.00958136 0.0101598 0.000232389 0.01635 0.00456656 0.0026416 -0.00303407 0.0116479 0.0026632 -0.00732916 -0.00943507 -0.0221885 
-0.00933669 -0.0051298 -0.00426645 0.00195062 -0.00246611 -0.005256 0.0175808 -0.0153252 -0.0112742 -0.0106526 -0.0149668 0.00103895 -0.00597279 0.00277599 0.0104477 -0.0138434 -0.00249462 0.00195372 0.00442809 -0.0115065 0.00983791 0.00209775 0.00567945 0.00170676 0.0127185 0.00209854 0.00593445 0.00172038 -0.00291108 -0.00862417 -0.011616 -0.0129292 0.0143168 0.0121355 0.0158635 0.0196566 0.0125371 -0.00447393 -0.0155748 -0.00670646 0.0219058 0.0192521 -0.0188878 0.00673088 -0.00484267 0.00585251 0.0188761 -0.0134557 -0.00602334 0.0201126 0.00680687 
-0.0192409 0.0236158 -0.00199948 -0.000971347 -0.00799713 -0.000702709 0.000371516 -0.0126089 -0.0108859 -0.00308109 0.00124756 0.00639252 -0.00685475 -0.00800876 -0.0167887 0.0030365 -0.00090063 -0.0102092 0.0204781 -0.00434389 0.0148257 0.0100951 -0.00346707 0.0133684 0.00898587 -0.00769327 -0.00284976 -0.00703198 0.000964297 0.00122134 -0.0149459 0.00155151 -0.0174014 -0.00452638 -0.0113763 -0.0101981 0.00690997 -0.000848287 -0.0205355 -0.00780911 -0.00893238 -0.00571901 -0.0106606 -0.0159522 0.00608409 0.00808906 0.00292304 0.000416514 0.00862219 -0.00195705 0.0206149 
-0.00417447 -0.00437322 -0.013872 0.00185962 -0.0146015 -0.0196135 -0.0156956 0.0107485 0.0146636 0.0142411 -0.00520152 -0.00546815 0.00810606 0.011904 -0.0119626 -0.00275304 -0.00620763 0.0222106 0.0121116 -0.013744 0.0158059 -0.00856355 -1.33645e-05 0.00906756 -0.0243037 -0.0210954 -0.0133837 0.00657037 -0.00656302 -2.63628e-05 0.00098928 0.0227053 0.00778306 0.0129546 0.000453103 0.000360411 -0.0091223 0.0078575 -0.00755101 -0.00188695 -0.00287074 -0.00305555 -0.000679538 0.000708073 -0.0039667 -0.00101327 0.00624884 0.00617384 0.00620751 0.0138893 -0.00464315 
-0.011104 0.00267088 0.00619857 0.0159398 0.00290161 -2.09318e-05 -0.0134256 -0.01453 -0.0150388 0.0271291 -0.0108599 0.00802359 0.0101937 -0.0180093 0.0198376 0.00155387 0.00450848 -0.00032609 -0.0100809 -0.0134701 0.00774139 -0.00588313 0.00980985 0.00813159 0.0131036 -0.0156739 -0.000930554 -0.0143549 0.00558193 -0.00239929 0.00442565 -0.00041853 0.00866539 -0.00378623 -0.00646087 0.0196221 0.00557629 -0.000181054 0.00617197 0.00254787 -0.000928926 0.00910881 0.00201388 -0.0141667 -0.00238046 -0.00702791 0.00822671 -0.0226551 -0.0109792 -0.00917202 0.00315221 
-0.0109624 0.0011571 0.00848843 -0.00978042 0.00975487 0.00154761 -0.00140271 0.000867308 0.00270113 -0.00644873 0.00842998 -0.00470743 0.00317443 0.00375877 0.0202779 -0.00254509 -0.00673044 -0.00418159 0.000835293 -0.00095747 -0.016996 0.00323882 -0.00907802 -0.0010943 -0.00738141 -0.0142816 0.00757349 -0.0103367 -0.000290007 0.00839715 0.00773331 -0.00743709 -0.00803803 -0.00599252 0.00499258 -0.0132258 0.00967335 -0.00458729 0.00857778 -0.00954557 0.00784983 -0.00447989 0.011136 -0.00168652 0.0202593 0.0141435 -0.0067778 -0.00969384 -0.00782022 -6.62864e-05 -0.00806756 
-0.00403645 0.0020006 -0.00677774 -0.00134847 -0.0116064 -0.00928866 -0.00148818 -0.0064678 0.0112977 0.00276864 -0.0150938 0.00767574 0.000739167 0.0135067 -0.00988046 0.0096578 -0.00603076 0.0133092 -0.017903 0.0178094 -0.000840904 0.00516617 -0.0064435 -0.0125272 0.00845315 0.00207458 0.00505005 0.0178867 0.00939803 0.00543918 -0.00755077 -0.0121762 -0.000759357 0.002131 -0.000185154 -0.00704593 0.00183109 -0.00469131 -0.0210078 0.0122636 0.00475259 0.0142945 -0.000808671 -0.00185575 0.000433627 0.00110503 -0.00773312 0.00383444 0.00869871 0.0138187 0.00223077 
-0.00727901 -0.000634455 0.0127696 -0.0147836 0.0130427 -0.00177148 -0.0133978 -0.0128164 -0.0053804 0.0104473 -0.000949192 -0.0168541 0.00372921 -0.00522636 -0.00784388 -0.0047789 0.00581335 0.0143621 -0.0153124 -0.0128342 0.000486448 -0.0109739 0.00989496 -0.00102841 0.0144434 0.00766101 0.0121693 0.0029672 -0.0150613 0.0122143 -0.0184201 0.00297474 0.00470889 0.00885548 -0.0138438 -0.00256547 -0.00126502 0.000414906 0.00602545 -0.00927396 -0.000866916 -0.0033079 -0.00295203 0.00499345 -0.0179164 -0.006877 0.00149083 -0.0136742 -0.0130557 -0.00940804 -0.00258991 
-0.00383724 0.000138315 0.00760285 -0.0171469 -0.000657541 0.0165457 -0.00669882 0.0153053 -0.0203164 0.000852335 0.00372828 0.00352129 0.00438302 -0.00971192 -0.00252344 -0.0163758 0.0282607 0.00489593 -0.00480683 -0.00522559 0.00147624 0.00242698 -0.00517454 0.011934 -0.000958252 0.00767979 0.00716576 0.000341393 -0.00810415 0.00857077 0.008204 -0.00118631 0.014219 -0.00380842 -0.00337844 -0.00588899 -9.00861e-05 -0.00935476 0.0195727 0.00354403 -0.0185315 -0.0089947 -0.00662436 -0.0174734 -0.0104956 0.0112111 -0.00386439 -0.0136881 -0.0106543 -0.0167983 0.0140571 
-0.000792164 -0.00214778 -0.00962978 -0.00129229 -0.00311862 0.0105793 0.0064475 0.00321015 -0.0264034 -0.00488766 -0.0150176 0.0137547 -0.00965452 -0.0160434 0.00120979 0.0048992 0.0051536 -0.000389903 -0.000575955 0.00445633 -0.0179197 0.00469248 -0.00268692 0.0060104 0.00441136 0.0094107 0.0254012 -0.0186837 0.00893806 0.0106486 -0.00150246 0.014092 -0.0131563 -0.0068982 0.0122652 -0.00510235 -0.00169509 0.00411073 0.00691293 0.00693592 0.00201157 0.00330506 0.0113066 0.00474602 -0.0111129 -0.00652672 0.0123506 -4.88924e-05 -0.0206474 0.0055403 -0.00718196 
0.00364303 0.0114867 0.0189096 0.00524361 -0.00518699 -0.0223076 0.00931192 0.00677087 -0.00632994 -0.0137108 0.00499953 -0.0033663 0.000902934 0.00314016 0.00131699 -0.011251 -0.00684156 0.00528485 0.00875705 -0.0178221 -0.00199164 0.0126999 -0.00373463 0.0107181 -0.0118548 -0.005986 -0.000275908 -0.00180216 0.0065402 -0.00730799 0.00586745 -0.00259945 -0.0123093 0.00495281 0.0052277 -0.00283464 -0.00279001 0.0091453 -0.00538788 0.00422894 -0.00315718 0.00827651 -0.00928329 -0.00759783 -0.00335359 -0.00662347 0.0137411 -0.00513275 0.00682571 -0.0140145 0.0197494 
-0.00310717 0.0106839 -0.00997555 0.0171029 -0.00565238 0.0078963 0.00680015 0.00746857 -4.71795e-05 0.0151723 0.0163831 -0.0040067 0.00231432 -0.0103771 -0.0156575 -0.00547878 0.000461933 0.00745321 -0.00474985 0.00825304 -0.00803535 -0.00660416 0.000275971 0.000872286 0.0034212 -0.0152578 0.00069793 0.00164897 -0.000458102 0.0172877 0.00423967 -0.00343856 -0.000315206 -0.0212429 -0.0100545 -0.00343313 -0.0119857 -0.00446543 -0.00884839 -0.00272138 0.00333134 -0.016957 0.018663 0.0107118 -0.00693038 0.00623825 -0.018405 0.00997248 -0.00331923 0.000717535 0.0149045 
0.00556571 -0.00853426 -0.0118357 -0.0134925 0.00203864 -0.00840932 0.0062767 0.0103998 0.00476348 -0.00045195 0.000870942 0.0149739 0.010715 -0.00419598 -0.00354053 0.00837574 0.00443294 -0.00101161 -0.00970385 0.00811697 0.0112243 -0.00730475 -0.00597236 -0.00686192 -0.00682978 -0.00748822 -0.011582 -0.00305565 -0.00797346 -0.00296191 0.0250077 0.00628523 0.00776781 -0.0052378 0.0407696 -0.0216393 
-0.00608959 0.00410344 -0.00712504 0.00850681 -0.0131459 -0.00357552 -0.00729111 0.0108187 0.00888656 -0.00134699 0.00140409 -0.00365719 0.00856388 -0.0103774 0.000698488 -0.00286696 0.0065166 -0.00705408 0.00776697 -0.0174499 0.000495541 0.003507 -0.00804072 -0.0100644 0.000617621 -0.0148411 0.0109254 -0.00259675 0.0136648 -0.00230626 0.00676101 -0.0370427 -0.00985484 -0.00235681 -0.0100607 0.0103881 
-0.00581562 -0.00816566 0.00305567 -0.00644232 0.0162703 -0.0100429 -0.00403372 -0.000401323 0.00654296 -0.00144485 -0.00357175 0.00928171 -0.00230144 0.00746247 0.015988 -0.00770948 0.00862478 -0.00697614 -0.0112185 -0.00220987 -0.0132852 0.0111342 -0.00558882 0.00621899 0.00927856 -0.000939217 -0.000923663 -0.01305 -0.00222186 -0.00360014 0.0148593 -0.0128455 0.0247476 0.0172129 -0.0132369 0.00980284 
0.0026505 0.00861907 -0.00624067 -0.0119797 0.00611816 -0.00767753 0.00500315 -0.00651 -0.00497891 0.0054947 -0.0243832 -0.00642203 -0.006638 -0.00505762 0.00855805 0.00704296 -0.0305255 0.00059149 -0.00672613 -0.000561395 0.0153388 -0.0181622 0.00509595 -0.000306238 -0.00133623 0.0151808 -0.00854119 -0.0248155 0.00527829 -0.0217944 -0.0165449 0.000970784 0.0126782 0.00825274 -0.00116615 -0.00318288 
-0.00582259 0.00701692 0.0115526 -0.00283177 0.0140958 0.00283345 0.0033776 0.00601091 -0.00357688 -0.00634825 -0.00292585 -0.00985826 -0.00221128 0.0184291 0.00561901 0.00263334 -0.0117334 -0.0168915 -0.00735443 0.00320103 0.00118477 -0.00583027 -0.0135827 -0.0129367 -0.0112205 -0.00841815 0.00081428 -0.0075712 0.00567277 0.0130605 0.00224707 0.00305452 -0.00742857 -0.00681971 0.00832153 0.0053775 
0.00610057 -0.00492688 -0.0139656 0.0163484 0.00127856 -0.0278327 -0.0105531 0.0122069 -0.003321 -0.00237832 0.0030015 -0.00787085 -0.00623574 -0.0168882 -0.016342 -0.00116685 -0.00787888 0.00177942 -0.0088268 -0.00725916 -0.00275286 0.00125372 0.00239381 -0.0180634 0.00191822 -0.00247512 -0.0169732 0.000955284 0.0080728 -0.004057 0.00898482 -0.00176388 -0.0111923 0.00336468 0.00448531 -0.00710937 
-0.00746798 0.000305146 0.000773406 -0.00301795 0.00350102 0.00575935 0.0134779 -0.00535678 -0.00419886 0.00286311 0.00780868 0.00222602 -0.0110007 -0.0084924 0.00642547 -0.00417142 0.00452307 0.0102373 -0.000144951 0.00432792 -0.00397647 0.00536294 -0.00172023 -0.00546675 -0.00124453 -0.00713995 -0.0164854 -0.00935958 0.000720515 -0.00420406 0.00868718 -0.00378191 -0.0215343 0.00728557 -0.000528849 0.000575955 
0.000272926 0.0189587 0.00252313 -0.00196361 0.00334745 -0.00633402 -0.000218974 0.0096868 0.00193071 0.00809183 -0.00899122 -0.0010771 -0.00664996 -0.0154824 -0.00424286 0.0121193 -0.0153504 0.0085478 0.00092945 6.24902e-05 -0.0130619 -0.00886079 0.0138292 0.00176853 0.0105094 0.00226282 -0.0144026 -0.00021422 -0.0035376 0.00381378 0.0114906 -0.00992261 0.00263056 0.00646696 -0.00403027 0.00627028 
-0.0135291 0.00834743 0.00921183 0.0185295 0.00334284 -0.0153287 0.00997127 0.00905032 0.0201666 0.00577436 -0.00972506 0.0160783 0.00100963 0.0118652 -0.00876609 0.00761035 0.0232411 0.0206583 -0.00875966 0.0113907 0.00173285 -0.00925657 0.00760538 -0.00369463 0.00347117 0.0160131 -0.0056538 7.36999e-05 0.00728661 0.00314136 0.010371 -0.00600782 0.00979252 -0.000299043 -0.00960027 -0.000107766 
-0.0141768 -0.0131589 -0.00224743 0.00150068 0.00850007 -0.0192415 0.00774002 0.0149362 -0.00950169 -0.00116408 -0.001569 -0.0230499 0.0093573 0.00179159 0.00721874 -0.00249002 -0.0137066 -0.000927909 0.00217621 -0.00777646 0.0105791 0.00897869 0.00830176 -0.0135376 0.00614285 0.0245919 0.0191723 -0.012646 0.0125043 -0.00329638 -0.0199728 -0.00568621 0.000791227 0.0106549 -0.00632663 0.000802689 
0.00942501 0.00829029 0.00956497 -0.0127999 0.00704225 0.0205279 -0.00836219 -0.00467598 0.00299696 0.0118213 0.00900725 -0.0205295 0.003223 -0.013079 0.0112761 -0.0132703 -0.0121246 -0.0139898 0.00101758 -0.0129884 0.00424448 0.00702985 -0.00344994 0.00289408 0.015365 -0.00623224 -0.000523776 -0.0112292 0.00751271 0.00811341 -0.000804937 0.000482422 0.00351496 0.0130722 -0.0201735 0.00872402 
0.0086499 0.00575467 0.0134862 0.000589617 -0.0100001 0.00726199 0.00129798 0.00762305 0.00836242 2.32773e-05 0.00598277 -0.000143795 0.0171216 -0.00860968 0.00823622 0.0104294 -0.00310643 0.00675877 0.00892246 0.00548036 -0.00415592 -0.00564045 0.00400845 0.00399815 -0.014495 0.0138853 0.0155482 0.00654151 -0.00056356 -0.00187131 -0.00176847 -0.0136736 0.00011624 -0.00532736 0.015386 0.003686 
0.00956436 -0.00162754 -0.000616491 0.0138056 0.0030836 -0.00284768 0.00464098 -0.00582347 0.00408153 -0.00476674 0.00496498 0.00540182 0.00730903 0.00485669 -0.00821647 0.0167547 0.00131348 0.00708337 -0.00430984 0.00774618 -0.0051127 0.0134856 0.00468642 -0.0042949 0.0029016 0.0118629 0.000362349 -0.004526 0.00145018 0.0111132 0.00742608 -0.0093489 -0.000135755 -0.0113598 0.0195514 -0.0011867 
0.011754 0.000919659 -0.00965401 -0.00239273 -0.00475772 0.00741488 -0.0173068 -0.0197921 0.000425057 0.00800945 -0.000948174 0.00201134 -0.000814865 -0.0104146 -0.0139589 0.00526597 -0.00657163 -0.00376471 0.00171055 -0.0093964 0.00147045 -0.0140588 -0.0112402 0.00250407 0.00317846 -0.00235779 -0.00319124 -0.00800888 -0.00162411 0.00608268 -0.00480561 -0.0207281 -0.00809938 0.00830993 -0.00320291 -0.0150768 
-0.00266603 0.0166153 0.000834653 -0.0162346 0.0131415 -0.0226342 -0.00194379 0.00207004 -0.00668215 0.00695473 -0.0135874 -0.00212719 0.00378629 -0.025235 0.00660134 -0.0101696 0.0028976 0.0178394 0.00283554 -0.00816288 -0.005194 -0.00970646 0.0104784 -0.0104124 0.00199806 0.00771131 0.000941181 0.00592431 0.00859838 -0.00108364 0.00215303 0.00384657 0.0113695 -0.00306332 0.00475121 0.0040339 
0.0116523 0.000118282 0.0104039 0.00636528 0.0176316 -0.0091849 0.00579833 -0.00709523 0.0111182 -0.00132 0.00705479 -0.00380905 0.00746271 0.0126296 0.0139933 -0.00784174 0.000459776 -0.00230329 0.00601947 0.00813032 -0.0161636 0.018532 0.00100903 -0.00194713 -0.0100159 -0.00381217 0.00609113 -0.0108771 0.00153215 -0.00316978 0.0153834 -0.0033021 0.00940211 0.0178975 -0.0147039 0.0114394 
0.00416555 0.00711393 -0.00637162 -0.0148807 -0.00122457 0.00360101 -0.00968799 -0.000799935 -0.00556468 0.00875136 -0.0136791 -0.000633399 0.000221125 0.00175683 0.0134329 0.00586087 0.00670514 -0.00485934 0.0199272 0.00143407 0.00249774 -0.00450298 -0.0125627 0.00905484 -0.00884891 -0.0103725 0.00199599 -0.00391765 0.0105366 0.010737 -0.0146573 0.0121429 -0.000140709 -0.0216544 -0.00502062 0.0143396 
-0.0135463 0.00214244 -0.0137924 0.00907144 -0.000387094 -0.00842657 -0.00268544 -0.00434549 0.00100232 0.00541243 0.000526672 -0.00162489 -0.00312718 -0.00364226 0.00164507 -0.000993164 0.00939951 0.0159154 0.00575353 -0.0168509 -0.00880372 -0.00150293 -0.00569092 0.0098284 0.0137929 0.00802184 0.0181239 -0.0024655 0.0150114 -0.00308076 0.00959866 0.00731754 0.0155344 0.00474348 2.23643e-05 0.00425853 
-0.00715952 0.0017615 -0.00463472 -0.0235766 0.0257498 0.00289406 -0.00333073 -0.00431745 0.0109425 -0.00387946 -0.00088167 0.00882414 0.000508467 -0.016841 0.0126491 -0.0144855 0.00149068 -0.0123642 -0.00782789 0.0110331 -0.0155982 -0.0131856 -0.00492725 0.0235664 -0.00208054 0.00683228 -0.0111036 0.0154239 0.008136 0.00828453 0.000948051 -0.0143794 0.0176518 0.0135465 -0.00215858 0.0184818 
-0.00303343 -0.00318519 0.0112771 0.00560306 -0.0026156 -0.0025039 0.0126168 0.00535808 -0.0101803 -0.0171579 0.0237204 -0.00242868 -0.00666095 -0.00587391 0.00293251 -0.00880702 -0.000896789 0.00705783 -0.00622939 -0.0192975 0.00949086 0.0181486 0.0109477 0.01758 0.00840038 -0.00336956 0.0120091 -0.00376273 -0.0189865 -0.0119359 -0.0132118 -0.00894908 0.00825179 0.0109788 0.0148604 0.0165514 
0.014963 -0.00154156 0.00218588 0.0179459 -0.00930915 -0.0142509 0.00723822 -0.00930074 -0.006225 -0.00225413 0.00971036 -0.00818238 -0.0111604 0.00596046 0.000742338 0.0149421 -0.00821634 -0.0105219 -0.00297052 -0.00791145 -0.00193876 -0.00853158 -0.00405229 0.0211036 0.0172603 0.00431299 0.0225269 0.020174 -0.00725154 0.00371838 0.0114382 -0.0068973 -0.00468439 -0.0154899 0.0155086 0.0076241 
0.00936363 0.000923157 -0.0194917 -0.00265271 0.0122847 -0.00982399 0.00508635 0.0141753 0.0100004 0.00613952 0.00440082 0.00795724 -0.0068069 -0.00991478 -0.00425011 0.00997931 -0.00732758 -0.0171723 -0.00142732 -0.00804349 0.00856427 -0.0100474 -0.00685811 -0.00309556 0.00895589 -0.005011 -0.0160268 0.0107001 0.00338534 0.000471605 0.0103977 -0.00225745 0.0128848 0.0101793 -0.000894515 -0.021388 
0.00327959 0.0072022 0.00752446 0.00200795 0.00684547 -0.0143 -0.00665538 -0.00191178 0.00455111 -0.00812582 -0.00412888 0.0101273 -0.0304178 0.00421093 -0.00345691 0.0147956 -0.0198106 -0.00250347 -0.0113709 0.00566835 -0.0115698 -0.00201308 -0.00376512 0.00165581 -0.00435668 -0.00765143 -0.00235869 -0.00998766 0.0103606 0.00822454 -0.0035747 -0.00581572 -0.000842772 0.0029371 -0.00619988 -0.0128435 
0.00700256 -0.00327269 0.0024837 -0.00600692 0.00387677 -0.00632186 0.00842742 -0.000925581 0.00340609 -0.00426725 0.00459608 0.00486526 0.0117189 -0.00422013 -0.000351756 0.0101821 -0.00225664 -0.0198765 0.00106631 -0.000179084 0.0180402 0.00366144 -0.0208809 0.0115752 -0.00369167 0.00646663 -0.0111127 0.00452689 -0.00678989 0.00143492 -0.0178377 0.0124397 0.00248504 -0.00206802 0.0118189 -0.00866309 
-0.0134628 -0.00855707 0.0101412 -0.00354483 0.0165935 0.00996498 0.0162913 0.00293508 -0.0184658 -0.00142951 0.00690938 0.00521141 -0.0156013 -0.00115457 0.0114902 -0.000147475 0.00737528 0.00155763 -0.00593251 -0.0117664 -0.00495526 0.0114109 0.00278404 -0.000418054 0.00663763 0.00919408 -0.00518773 -0.0114568 0.00999903 -0.00900585 -0.0130074 0.00155772 0.00450143 0.000566038 0.0189288 -0.00698341 
0.00960578 -0.00660941 -0.000190712 0.00120585 0.0147589 -0.00336082 -0.0101222 -0.00910761 0.000443004 0.0118239 -0.0157249 -0.00989557 0.0150826 -0.0130685 -0.0086781 0.00395105 0.0140469 0.00134952 -0.00585353 -0.00113329 -0.00907253 0.000386012 0.0306557 0.00603857 0.0263269 0.0029739 0.00612553 -0.00303101 0.0171665 -0.0162371 0.0154476 -0.00364565 -0.00549753 -0.00458764 0.000478685 0.0130184 
0.00570166 -0.00301916 -0.00288216 -0.00861993 0.0229617 0.0114607 0.00538725 0.000319275 -3.32031e-05 0.0154569 -0.000762782 0.00565293 0.0107233 0.013115 0.0118269 -0.0146844 0.0090844 0.0127019 0.00655039 0.0146658 0.00990514 -0.00649045 -0.0190963 0.00229288 -0.0171293 -0.00745276 0.00337926 0.0149222 -0.0187967 -0.00858576 -0.00266712 0.0254571 0.00697657 0.00861932 0.0164498 -0.00140826 
0.00730955 -0.00934633 -0.001166 0.00637915 0.00518692 -0.00652402 -0.0137368 0.0129766 -0.00770975 -0.00287239 0.00683628 -0.00690248 -0.00112472 0.00212612 -0.0135503 0.00317713 -0.00148089 0.0230234 0.00323966 0.00370835 0.0166383 0.00456414 0.00552833 0.0112915 0.00216352 0.00595134 -0.0085942 0.00597256 0.00239664 -0.00252647 -0.0127158 -0.00165389 0.00697938 -0.00443 0.0135963 0.00379882 
0.0158293 -0.010895 6.39151e-05 -0.00617961 0.0087779 0.00650321 0.0154108 -0.00834351 -0.00325421 -0.00476373 -0.00386815 0.0119311 -0.00864636 -0.00788328 -0.0196097 -0.00378358 0.00245333 0.00373338 -0.00626217 -0.00897979 0.00862614 0.0114266 -0.0133601 0.0128322 -0.00126747 -0.00206309 0.016915 -0.0130912 0.00064794 -0.00791907 0.010234 0.00588968 -0.00577291 -3.59274e-05 0.000764352 -0.00279639 
0.00619172 0.00560484 -0.00829832 0.00622871 -0.0105291 -0.0012875 0.00153932 0.00198265 -0.00667769 0.0121403 -0.00739612 0.0137405 0.0102137 -0.0124747 0.00685234 0.0020812 -0.00399427 0.00206556 0.0180069 0.0159244 0.00665802 0.00624053 0.0125031 -0.0195103 -0.000390079 -0.0048286 0.0147817 -0.000418534 0.0052577 0.00970255 -1.55691e-05 -0.0125782 0.000104902 -0.0121673 -0.0134917 0.00358251 
0.000911304 -0.014918 0.00949603 -0.00402048 0.00117323 -0.0127459 -0.0077336 0.0126066 0.00644933 0.0027244 -0.00645348 -0.00785649 -0.00224483 0.0140022 0.0164674 0.0158472 0.00475227 0.00298456 0.0137597 0.0249012 0.00517415 -0.00540618 -0.00106996 -0.000129291 -0.0192581 -0.00900991 -0.00023288 0.00707117 -0.0157638 0.00247207 0.00863343 0.00389882 -0.0245181 -0.00174971 0.0104888 -0.0054425 
-0.00675204 0.0241062 0.00915592 0.00248458 0.0154518 -0.00570379 0.0115256 0.00205322 0.00262559 0.00744357 -0.0192795 0.00752606 -0.00746412 -0.0104324 0.01936 -0.00633974 -0.00375464 -0.0133324 0.00640179 -0.0159765 -0.000379174 0.0116499 0.0254294 0.00669209 -0.00515434 -0.00751912 -0.00936634 0.00250395 0.00666496 0.0112925 0.00257969 0.0078654 0.0179149 -0.00272013 0.00803273 -0.0177281 
0.00695179 0.0144562 -0.00878765 -0.00397929 -0.00236813 0.00358743 -0.0143067 0.00216346 0.00157919 0.00400198 0.0117677 0.00954189 -0.00323888 -0.00536135 -0.00793123 -0.0216087 -0.00748346 0.0016679 -0.0156245 -0.010384 -0.00301002 0.0052966 -0.0112786 0.0010147 -0.0070992 -0.0246071 0.022983 -0.0201475 0.00699169 0.00581294 0.00748804 -0.0142953 -0.00808751 0.0220085 0.0144426 -0.00697055 
-0.00351127 -0.00560959 -0.00658489 0.00326497 -0.00220191 -0.00339078 -0.00579304 -0.0131307 0.00368807 0.00336033 0.0184406 -0.00270618 -0.0255344 -0.00758451 -0.00164159 -0.0157074 0.00929114 -0.00751467 -0.0149796 -0.00820102 0.00906332 0.0152223 0.00433705 -0.00257127 -0.00733903 0.0190566 0.0014162 0.00198498 -0.00294301 -0.0123867 -0.0139384 0.0170557 -0.0192613 0.0218757 0.00737072 -0.00906713 
-0.004351 0.00226976 0.00304084 0.00843844 -0.0119189 -0.00935936 -0.00335922 0.00985352 -0.00439824 -0.00132939 0.00121065 0.0143825 -0.0209788 -0.00883976 0.00491028 0.0130434 -0.0237669 0.00969096 -0.00293985 -0.00623485 0.00311227 0.00811341 -0.0107581 0.00481473 0.00898158 -0.0125938 -0.00292588 0.0206394 0.00355433 -0.0045031 0.0079828 0.00107607 0.0060684 -0.00730687 -0.00225493 -0.00991173 
0.00694772 -0.0130405 0.00161158 0.00375781 0.00805638 -0.00334732 0.00534218 -0.00212424 0.00739574 0.00435869 0.0149417 0.0111183 -0.00525086 -0.017693 -0.0114577 -0.00864485 0.0126326 0.0302224 -0.00529853 -0.000617747 -0.013211 -0.0154419 0.0128916 0.000597956 0.0154477 -0.00761825 0.00631474 -0.0108199 0.0236477 0.0202636 -0.00951581 1.6738e-05 -0.000226448 0.0114385 -0.0102244 0.0122472 
0.00373794 0.00445148 0.00630002 0.00135951 0.00589881 0.00301857 -0.00164263 0.0135788 0.00021355 0.00214464 0.00531574 0.0112812 0.00288204 0.0149219 0.000556026 -0.000748601 0.000107133 -0.00245778 0.00357164 -0.00574867 -0.00166434 -0.00622421 -0.0102986 -0.0340259 0.011365 -0.0120207 -0.00793486 0.00815627 -0.0100891 -0.00235261 -0.00725213 0.00416149 -0.000261976 -0.00677026 0.0225456 -0.0151611 
0.0152622 -0.00834349 0.00752548 0.014829 -0.00891353 0.00459505 -0.0063546 0.00641879 0.00589582 -0.00900129 0.011123 0.0070965 -0.0221243 -0.00436111 -0.0035498 -0.00446753 0.016209 -0.00679342 0.00215777 0.00170621 0.0184779 -0.0121102 0.00053186 -0.00803139 0.00846636 -0.00706441 -0.00176729 -0.0157765 -0.00842083 0.0123305 -0.00789901 -0.0025895 0.00113434 -0.00920144 -0.0109895 -0.0136852 
0.000912722 0.0185168 0.00868884 0.0252517 -0.0082933 0.00500845 -0.00619872 -0.0113818 0.00240485 0.00847655 0.00620714 -0.001456 0.00974125 -0.00109724 0.0182735 -0.00779818 0.00861234 0.00492656 0.0159115 0.0210713 0.00707564 0.00640766 -0.000469529 -0.00124075 0.00551782 0.00454289 0.00159532 0.00275573 -0.00775566 0.00823825 0.0134129 0.0135795 0.00826867 -0.0101133 0.0127161 0.0263107 
0.00748261 0.000906865 0.0096438 0.00998833 -0.00165322 0.00137149 -4.7078e-05 -0.00678338 -0.0124535 -0.00660185 0.00419557 0.0130354 0.00664155 -0.000473084 0.000290616 0.0156133 -0.00490357 -0.00613267 -0.00628965 -0.002017 -0.0149232 -0.00408978 -0.00589989 -0.0031414 -0.0162999 -0.0188351 0.000965747 -0.00177736 -0.00404968 -0.00883835 0.00395468 -0.00911844 0.0257674 0.0148305 0.00131726 -0.00339165 
-0.000489355 -0.0153502 0.00100367 -0.00841677 0.000512541 -0.00879822 0.000476915 0.00159639 0.00606623 -0.0179681 0.000436214 -0.0159202 -0.011115 -0.016691 0.00124044 0.000939286 -0.0199935 0.000993086 0.01237 0.00726537 -0.00482759 -0.0100543 0.00587232 -0.0121153 0.00226231 0.00267323 0.00462273 -0.00185901 -0.00228231 -0.0107561 -0.0132274 0.00102111 0.00562924 -0.019736 0.00909829 0.0222227 
0.0157492 -0.0100331 0.00290065 0.00656141 0.014752 -0.0133495 0.00255258 0.000468591 -0.0107933 -0.0088634 0.00181203 0.00135122 -0.00157728 -0.00677805 -0.000423243 0.000649881 0.00264987 -0.0100882 0.0160538 0.0204992 -0.00257369 -0.0160914 0.0147748 0.00268774 0.00215445 -0.00373846 0.0023465 -0.00692832 -0.00455423 0.00169513 0.010519 0.0134167 0.0127921 0.00366655 0.00649338 0.000517404 
-0.000971661 0.00934969 0.0131329 -0.0218784 -0.0117611 0.00686018 -0.00228577 -0.00832104 0.00100083 -0.00655607 -0.0148513 0.00124805 -0.0124575 -0.00321686 0.0138227 0.000591173 -0.00376589 0.00608588 -0.00438405 0.00275596 0.00289131 -0.000939035 0.00498028 0.00444993 0.00129679 0.0129997 0.0168567 -0.0006055 -0.000877069 0.00554009 0.0021988 0.00273286 0.0115462 -0.00867569 0.0135996 -0.00223542 
0.0125817 -0.00207824 0.00243526 -0.0041251 -0.00155926 0.00645816 0.00454883 -0.00269899 0.025587 -0.00777238 -0.0167387 0.00560957 -0.0132313 -0.0173384 -0.00289176 0.00620987 -0.00291564 0.00669511 -1.80369e-05 0.0142071 0.00882929 0.0230621 -0.00330897 0.0096967 0.00677502 0.00463935 0.00645722 0.0124937 7.66573e-05 0.00761649 0.0107823 -0.00605213 0.0026047 0.0072211 0.00701843 -0.00322128 
-0.0039779 0.0046131 0.00636673 0.00812521 0.00785018 0.00517274 0.000519599 0.0103222 0.00400239 0.00109286 -0.00323048 -0.011916 -0.00148146 -0.0159178 -0.00988806 -0.00535265 -0.00660941 -0.0134771 0.00240286 0.00285694 -0.0187182 -0.0127544 0.0185686 0.00775113 -0.00294512 0.000707524 -0.0143844 0.00871095 0.00801127 -0.00535452 -0.0113268 -0.00910639 0.00832386 -0.0155362 -0.00139746 -0.000479586 
-0.00910807 -0.00155893 0.000446662 0.00503945 0.00345982 -0.00351942 0.00155042 0.00274171 0.0147727 0.00594555 0.00889619 0.0152424 0.0160618 -0.0139947 0.0106213 0.0208644 0.0225856 -0.0216704 0.00800381 -0.000791777 -0.0145413 0.0221697 0.00844083 -0.0195523 0.00940568 0.00473355 0.0121561 -0.00433075 0.00816202 0.0102907 -0.00368511 0.00266806 -0.0188715 -0.015306 -0.0165462 -0.0096702 
0.00265779 0.0257168 0.000254913 0.012474 -0.00673381 0.0103641 0.000654972 -0.00236725 -0.0169403 0.00651576 0.00524823 0.0126748 -0.00105003 -0.00347549 0.00814169 -0.0110941 -0.00740416 0.00101777 -0.00335182 -0.00400346 0.00581668 -0.00567413 0.000239485 0.00803209 0.00550769 -0.00723756 0.0050524 0.000569893 -0.0153895 0.0150935 -0.00148958 0.00775846 0.00921271 -0.0053052 -0.008148 0.0174623 
-0.00234332 0.00177716 0.000536501 -0.018552 0.0161141 -0.00085631 0.0222829 -0.0103542 -0.00293191 0.00467494 -0.00187216 0.015476 -0.00530588 0.000674507 -0.0198809 -0.00309758 0.00349791 0.00230319 0.00214121 0.0038297 -0.00167757 -0.000278944 0.00978381 -0.0206128 0.00146788 -0.00207562 -0.0106991 0.00357844 -0.0191565 -0.00308596 -0.0112893 -0.00374558 0.00400801 0.00293249 -0.0126068 0.00790399 
-0.00473258 -0.0050498 0.00960569 0.00576296 0.0114094 -0.00231594 0.0228172 0.0124328 0.0223555 0.00832386 0.00736145 -0.00933728 0.0107759 0.00403258 0.000578968 -0.0205766 -0.00477842 -0.00364843 0.012123 -0.00460407 0.00450572 -0.00225779 0.0198469 -0.0180102 -0.00132853 -0.00526218 0.0168021 -0.00614997 -0.0204423 0.00579264 0.00912203 0.0143782 -0.0127859 -0.0150569 -0.0114743 -0.00830573 
0.013776 0.0028588 -0.0121134 0.00110857 0.00879349 -0.0084361 -0.00288715 0.00288326 -0.00979176 0.00869207 -0.0153959 -0.0149976 -0.012133 -0.00881565 -0.0159858 0.000917402 0.000594531 -0.00326562 -0.0075035 -0.00303627 0.000289925 -0.00796328 0.0163334 0.0119608 0.00478226 -0.0179188 -0.00621449 0.00255376 0.000645566 -0.00817962 0.00982557 -0.0198817 0.00370468 -0.0116804 0.0107359 0.0175518 
0.00599599 0.000361258 -0.00170866 0.00263221 0.00620916 0.0134018 -0.00806866 0.0066532 0.00354464 -0.00285967 -0.00120051 0.0021134 -0.0239705 0.00334378 -0.00634463 -0.0161356 0.018297 -0.00437825 0.00871462 -0.00971108 0.00775667 0.00146981 -0.013843 -0.0117661 -0.00950024 -0.00490378 0.0103818 -0.00102314 -0.0230538 0.0113812 -0.00842558 0.000676311 0.00102253 0.00188108 -0.0158602 -0.00127406 
-0.00902823 0.00852195 -0.0192606 0.000582181 0.00751002 0.00947371 -0.000816608 -0.00409899 -0.0125472 -0.00972697 -0.00107328 -0.00401179 -0.00121449 0.0172895 0.0184222 -0.00856841 0.00163467 0.00944628 -0.0117374 0.00399427 0.0143853 -0.018327 0.0116838 -0.00588886 0.0117991 0.00299585 0.00206384 -0.00294359 0.0105207 0.00926358 0.00968722 0.00502541 -0.00536537 0.0129226 -0.0136217 0.0173873 0.00383625 -0.00485612 0.000870826 0.00399078 0.00292339 0.0146408 -0.00136261 -0.0126693 0.00435959 -0.00895959 -0.00862031 -0.0119181 0.0139226 0.00812538 0.00142529 
0.00235826 -0.00110977 -0.00674056 0.00210131 0.00495053 0.0124624 -0.0145771 0.00608424 0.00932934 -0.00113422 -0.00962854 0.0097445 -0.00752325 0.00471953 -0.0160537 0.011264 0.0100686 -0.005948 -0.000995611 0.00698428 -0.00026223 -0.00238789 0.00392295 0.00487246 -0.00438095 -0.0119859 -0.0166528 0.010199 0.0110347 -0.0225068 0.00272469 0.00621857 0.00962248 0.0282237 -0.00304853 0.0102796 
